-51.593646,-16.463382,-4954.760268,-3153.049465,-398.577445,-1.642689
-51.594989,-16.429775,-4954.991009,-3153.155856,-398.590252,-1.641082
-51.595215,-16.430170,-4954.985077,-3153.151809,-398.589776,-1.641098
-51.595455,-16.430597,-4954.978610,-3153.147433,-398.589196,-1.641116
-51.595710,-16.431047,-4954.971228,-3153.142494,-398.588432,-1.641133
-51.595978,-16.431489,-4954.962516,-3153.136736,-398.587394,-1.641150
-51.596250,-16.431884,-4954.952014,-3153.129872,-398.585979,-1.641164
-51.596514,-16.432187,-4954.939226,-3153.121593,-398.584073,-1.641174
-51.596754,-16.432338,-4954.923607,-3153.111556,-398.581550,-1.641177
-51.596951,-16.432277,-4954.904566,-3153.099391,-398.578268,-1.641172
-51.597079,-16.431935,-4954.881452,-3153.084683,-398.574075,-1.641157
-51.597111,-16.431246,-4954.853561,-3153.066987,-398.568802,-1.641130
-51.597015,-16.430133,-4954.820124,-3153.045814,-398.562263,-1.641090
-51.596755,-16.428522,-4954.780305,-3153.020629,-398.554259,-1.641035
-51.596291,-16.426336,-4954.733196,-3152.990852,-398.544568,-1.640965
-51.595579,-16.423493,-4954.677815,-3152.955853,-398.532955,-1.640879
-51.594574,-16.419912,-4954.613101,-3152.914953,-398.519160,-1.640776
-51.593224,-16.415507,-4954.537903,-3152.867411,-398.502905,-1.640656
-51.591476,-16.410195,-4954.450973,-3152.812424,-398.483885,-1.640521
-51.589274,-16.403884,-4954.350979,-3152.749136,-398.461776,-1.640370
-51.586557,-16.396480,-4954.236482,-3152.676617,-398.436226,-1.640206
-51.583262,-16.387887,-4954.105939,-3152.593873,-398.406858,-1.640030
-51.579324,-16.377998,-4953.957696,-3152.499837,-398.373265,-1.639844
-51.574672,-16.366681,-4953.790000,-3152.393376,-398.335015,-1.639650
-51.569233,-16.353781,-4953.601014,-3152.273299,-398.291653,-1.639448
-51.577090,-16.532000,-4952.506357,-3151.597355,-398.183203,-1.648421
-51.554734,-16.476192,-4950.856549,-3150.578692,-398.033759,-1.644358
-51.560264,-16.504734,-4950.858320,-3150.573420,-397.992893,-1.647134
-51.550677,-16.487816,-4949.951647,-3150.009944,-397.886535,-1.646348
-51.549710,-16.514641,-4949.352111,-3149.634195,-397.796947,-1.648432
-51.548531,-16.532909,-4948.734003,-3149.216279,-397.701374,-1.650075
-51.545486,-16.540692,-4948.026356,-3148.745941,-397.596679,-1.651175
-51.542063,-16.546042,-4947.234365,-3148.214506,-397.482491,-1.652085
-51.538239,-16.552450,-4946.360525,-3147.622192,-397.358530,-1.653036
-51.533992,-16.559779,-4945.404712,-3146.966930,-397.224286,-1.654031
-51.529371,-16.567811,-4944.367783,-3146.247461,-397.079433,-1.655062
-51.524391,-16.576170,-4943.250462,-3145.462478,-396.923768,-1.656110
-51.519052,-16.584307,-4942.055183,-3144.611724,-396.757241,-1.657146
-51.513388,-16.593148,-4940.773954,-3143.689887,-396.579129,-1.658209
-51.507407,-16.603058,-4939.400841,-3142.692340,-396.388881,-1.659311
-51.501089,-16.613883,-4937.931559,-3141.614968,-396.186057,-1.660438
-51.494384,-16.625162,-4936.362477,-3140.453832,-395.970245,-1.661562
-51.487217,-16.636294,-4934.690523,-3139.205164,-395.741060,-1.662646
-51.479522,-16.647193,-4932.909635,-3137.863845,-395.497902,-1.663678
-51.471222,-16.657737,-4931.013465,-3136.424696,-395.240135,-1.664647
-51.462351,-16.668788,-4928.992504,-3134.881178,-394.966905,-1.665586
-51.452816,-16.679110,-4926.847612,-3133.231500,-394.678041,-1.666430
-51.442532,-16.688512,-4924.571364,-3131.469645,-394.372828,-1.667160
-51.431480,-16.697333,-4922.156041,-3129.589742,-394.050524,-1.667782
-51.419652,-16.705791,-4919.595055,-3127.586453,-393.710454,-1.668299
-51.407064,-16.714132,-4916.882760,-3125.455002,-393.351995,-1.668718
-51.393718,-16.722422,-4914.013979,-3123.190723,-392.974561,-1.669035
-51.379609,-16.730692,-4910.983104,-3120.788632,-392.577532,-1.669243
-51.364710,-16.738835,-4907.784096,-3118.243349,-392.160268,-1.669328
-51.349048,-16.746975,-4904.413277,-3115.551121,-391.722263,-1.669293
-51.332628,-16.755213,-4900.865173,-3112.707062,-391.262898,-1.669134
-51.315433,-16.763476,-4897.134230,-3109.706065,-390.781557,-1.668840
-51.297449,-16.771742,-4893.214819,-3106.543004,-390.277612,-1.668401
-51.278666,-16.780007,-4889.101304,-3103.212758,-389.750436,-1.667809
-51.259065,-16.788229,-4884.787893,-3099.710059,-389.199391,-1.667053
-51.238630,-16.796388,-4880.268865,-3096.029693,-388.623843,-1.666122
-51.217346,-16.804473,-4875.538559,-3092.166477,-388.023161,-1.665009
-51.195200,-16.812473,-4870.591267,-3088.115189,-387.396710,-1.663703
-51.172175,-16.820375,-4865.421245,-3083.870570,-386.743854,-1.662195
-51.148259,-16.828166,-4860.022719,-3079.427332,-386.063954,-1.660474
-51.123437,-16.835835,-4854.389895,-3074.780165,-385.356372,-1.658531
-51.097698,-16.843369,-4848.516966,-3069.923742,-384.620470,-1.656355
-51.071029,-16.850753,-4842.398118,-3064.852723,-383.855611,-1.653936
-51.043422,-16.857973,-4836.027537,-3059.561758,-383.061158,-1.651262
-51.014861,-16.865111,-4829.399330,-3054.045423,-382.236474,-1.648329
-50.985328,-16.872137,-4822.507771,-3048.298435,-381.380933,-1.645128
-50.954821,-16.879009,-4815.347136,-3042.315498,-380.493909,-1.641645
-50.923353,-16.885713,-4807.911661,-3036.091266,-379.574779,-1.637870
-50.890937,-16.892221,-4800.195625,-3029.620419,-378.622925,-1.633788
-50.857588,-16.898497,-4792.193356,-3022.897669,-377.637737,-1.629388
-50.823322,-16.904503,-4783.899232,-3015.917759,-376.618609,-1.624654
-50.788156,-16.910191,-4775.307679,-3008.675464,-375.564945,-1.619574
-50.752108,-16.915501,-4766.413188,-3001.165598,-374.476156,-1.614131
-50.715194,-16.920358,-4757.210314,-2993.383020,-373.351662,-1.608311
-50.677425,-16.924656,-4747.693688,-2985.322643,-372.190892,-1.602096
-50.638794,-16.928237,-4737.858017,-2976.979436,-370.993289,-1.595467
-50.599260,-16.930827,-4727.698092,-2968.348432,-369.758304,-1.588400
-50.558680,-16.931871,-4717.208771,-2959.424732,-368.485402,-1.580865
-50.516592,-16.929977,-4706.384930,-2950.203515,-367.174061,-1.572805
-50.471163,-16.920316,-4695.221160,-2940.680037,-365.823768,-1.564062
-50.410049,-16.872664,-4683.709112,-2930.849629,-364.434007,-1.553771
-50.536006,-17.252753,-4671.904335,-2920.707893,-363.004680,-1.554356
-50.295665,-16.858389,-4659.634029,-2910.249956,-361.534254,-1.535471
-50.300283,-16.938320,-4647.084362,-2899.471798,-360.023535,-1.526469
-50.263838,-16.946204,-4634.159918,-2888.369223,-358.471485,-1.515582
-50.222496,-16.945694,-4620.868580,-2876.938186,-356.877790,-1.504005
-50.179809,-16.942411,-4607.207696,-2865.174722,-355.242076,-1.491811
-50.136608,-16.937396,-4593.173897,-2853.075007,-353.563985,-1.478995
-50.093215,-16.930869,-4578.763851,-2840.635374,-351.843178,-1.465539
-50.049809,-16.922836,-4563.974385,-2827.852313,-350.079343,-1.451421
-50.006522,-16.913225,-4548.802526,-2814.722483,-348.272190,-1.436620
-49.963469,-16.901931,-4533.245520,-2801.242713,-346.421456,-1.421112
-49.920760,-16.888831,-4517.300846,-2787.410014,-344.526901,-1.404874
-49.878502,-16.873788,-4500.966228,-2773.221588,-342.588317,-1.387883
-49.836804,-16.856659,-4484.239640,-2758.674830,-340.605521,-1.370115
-49.795778,-16.837288,-4467.119323,-2743.767344,-338.578359,-1.351546
-49.755537,-16.815511,-4449.603792,-2728.496943,-336.506707,-1.332150
-49.716198,-16.791158,-4431.691846,-2712.861667,-334.390473,-1.311904
-49.677883,-16.764048,-4413.382575,-2696.859780,-332.229595,-1.290781
-49.640714,-16.733992,-4394.675372,-2680.489788,-330.024043,-1.268757
-49.604821,-16.700792,-4375.569943,-2663.750440,-327.773823,-1.245805
-49.570333,-16.664241,-4356.066310,-2646.640739,-325.478970,-1.221900
-49.537384,-16.624121,-4336.164828,-2629.159951,-323.139558,-1.197016
-49.506112,-16.580204,-4315.866184,-2611.307608,-320.755693,-1.171126
-49.476659,-16.532264,-4295.171417,-2593.083526,-318.327518,-1.144203
-49.449163,-16.480030,-4274.081910,-2574.487794,-315.855213,-1.116221
-49.423776,-16.423268,-4252.599418,-2555.520805,-313.338995,-1.087154
-49.400642,-16.361699,-4230.726057,-2536.183246,-310.779116,-1.056974
-49.379913,-16.295046,-4208.464320,-2516.476109,-308.175869,-1.025655
-49.361742,-16.223018,-4185.817082,-2496.400704,-305.529583,-0.993169
-49.346281,-16.145316,-4162.787607,-2475.958656,-302.840628,-0.959491
-49.333688,-16.061627,-4139.379550,-2455.151922,-300.109411,-0.924594
-49.324117,-15.971629,-4115.596968,-2433.982787,-297.336378,-0.888452
-49.317725,-15.874989,-4091.444320,-2412.453878,-294.522016,-0.851038
-49.314671,-15.771361,-4066.926471,-2390.568163,-291.666850,-0.812327
-49.315110,-15.660389,-4042.048699,-2368.328961,-288.771447,-0.772294
-49.319200,-15.541710,-4016.816694,-2345.739944,-285.836409,-0.730913
-49.327094,-15.414945,-3991.236564,-2322.805144,-282.862382,-0.688160
-49.338948,-15.279709,-3965.314831,-2299.528953,-279.850049,-0.644012
-49.354912,-15.135607,-3939.058438,-2275.916132,-276.800131,-0.598445
-49.375136,-14.982234,-3912.474744,-2251.971806,-273.713390,-0.551436
-49.399766,-14.819176,-3885.571524,-2227.701475,-270.590625,-0.502965
-49.428944,-14.646012,-3858.356970,-2203.111012,-267.432673,-0.453010
-49.462809,-14.462314,-3830.839682,-2178.206661,-264.240407,-0.401551
-49.501495,-14.267646,-3803.028673,-2152.995047,-261.014739,-0.348571
-49.545129,-14.061568,-3774.933354,-2127.483164,-257.756614,-0.294050
-49.593835,-13.843633,-3746.563535,-2101.678385,-254.467014,-0.237973
-49.647728,-13.613392,-3717.929417,-2075.588455,-251.146952,-0.180325
-49.706917,-13.370392,-3689.041583,-2049.221490,-247.797479,-0.121091
-49.771502,-13.114180,-3659.910988,-2022.585977,-244.419673,-0.060261
-49.841578,-12.844303,-3630.548949,-1995.690768,-241.014645,0.002178
-49.825717,-12.031993,-3601.021617,-1968.576976,-237.587126,0.093539
-49.986957,-12.270222,-3571.170102,-1941.156069,-234.127002,0.131600
-50.075301,-11.956913,-3541.186738,-1913.538993,-230.647347,0.198915
-50.070904,-11.071628,-3511.078079,-1885.734956,-227.148980,0.296599
-50.257073,-11.293236,-3480.674779,-1857.649560,-223.621168,0.338067
-50.363892,-10.932875,-3450.182827,-1829.402503,-220.077812,0.410272
-50.387192,-10.055708,-3419.591002,-1800.994871,-216.518662,0.510010
-50.583439,-10.170490,-3388.774468,-1772.353063,-212.935756,0.559207
-50.620465,-9.275029,-3357.939688,-1743.605128,-209.343210,0.661317
-50.828652,-9.339449,-3326.904328,-1714.645643,-205.729426,0.714579
-50.877781,-8.416772,-3295.873862,-1685.601432,-202.108320,0.819433
-51.098494,-8.436842,-3264.686299,-1656.378865,-198.469580,0.876290
-51.156972,-7.474155,-3233.514436,-1627.087615,-194.825176,0.984420
-51.296351,-6.968710,-3202.285435,-1597.683591,-191.170285,1.069402
-51.543038,-6.949287,-3170.953108,-1568.152272,-187.502933,1.130206
-51.622019,-5.960125,-3139.699031,-1538.599598,-183.835035,1.241224
-51.855637,-5.780270,-3108.377027,-1508.945572,-180.157501,1.311062
-51.955978,-4.826031,-3077.119288,-1479.276181,-176.479558,1.421174
-52.130886,-4.255897,-3045.887098,-1449.569632,-172.798681,1.511840
-52.395642,-4.078778,-3014.629596,-1419.806701,-169.112658,1.582799
-52.495382,-2.996911,-2983.506586,-1390.084433,-165.431885,1.700405
-52.684422,-2.368391,-2952.446336,-1360.365309,-161.751931,1.794954
-52.962155,-2.118997,-2921.401373,-1330.632769,-158.070850,1.870428
-53.074893,-0.998488,-2890.533378,-1300.983868,-154.399009,1.990614
-53.347396,-0.649756,-2859.721642,-1271.356030,-150.729195,2.071404
-53.476498,0.445505,-2829.081236,-1241.823991,-147.069350,2.190515
-53.767928,0.779034,-2798.519743,-1212.341451,-143.414015,2.270713
-53.891146,1.955820,-2768.171615,-1182.992257,-139.772158,2.393995
-54.183706,2.347258,-2737.903878,-1153.710449,-136.136075,2.477191
-54.397209,3.160820,-2707.849680,-1124.577240,-132.514439,2.581812
-54.543267,4.284342,-2677.993158,-1095.592113,-128.906838,2.702102
-54.818114,4.840839,-2648.265798,-1066.729470,-125.309689,2.793493
-55.029844,5.710138,-2618.766802,-1038.048441,-121.729520,2.900562
-55.240041,6.595598,-2589.468461,-1009.544561,-118.165290,3.008260
-55.447974,7.497251,-2560.381854,-981.233510,-114.618236,3.116546
-55.653283,8.413637,-2531.510381,-953.126444,-111.089192,3.225332
-55.855268,9.344239,-2502.857081,-925.234580,-107.578988,3.334576
-56.053322,10.287960,-2474.425168,-897.569683,-104.088478,3.444206
-56.246951,11.243195,-2446.217619,-870.143576,-100.618512,3.554125
-56.435543,12.208650,-2418.236853,-842.967886,-97.169930,3.664254
-56.618402,13.183133,-2390.484050,-816.053743,-93.743528,3.774522
-56.794807,14.165338,-2362.959077,-789.411779,-90.340049,3.884856
-56.964001,15.153897,-2335.660546,-763.052165,-86.960189,3.995186
-57.125182,16.147402,-2308.585821,-736.984601,-83.604599,4.105442
-57.277526,17.144346,-2281.730992,-711.218295,-80.273885,4.215557
-57.420151,18.143250,-2255.090919,-685.761981,-76.968611,4.325464
-57.552148,19.142567,-2228.659210,-660.623900,-73.689303,4.435103
-57.672557,20.140765,-2202.428244,-635.811807,-70.436445,4.544416
-57.780389,21.136260,-2176.389161,-611.332960,-67.210483,4.653346
-57.874607,22.127494,-2150.531887,-587.194118,-64.011827,4.761844
-57.954102,23.112960,-2124.845121,-563.401535,-60.840854,4.869867
-58.017741,24.091157,-2099.316440,-539.961007,-57.697905,4.977376
-58.064393,25.060497,-2073.932226,-516.877786,-54.583287,5.084334
-58.092895,26.019401,-2048.677741,-494.156629,-51.497280,5.190707
-58.102054,26.966309,-2023.537174,-471.801798,-48.440134,5.296469
-58.090655,27.899665,-1998.493682,-449.817072,-45.412071,5.401594
-58.057455,28.817958,-1973.529473,-428.205763,-42.413290,5.506067
-58.008318,29.703129,-1948.627782,-406.970429,-39.444092,5.609071
-57.955271,30.519930,-1923.764797,-386.109678,-36.504356,5.708967
-57.880633,31.310361,-1898.919309,-365.626436,-33.594183,5.807870
-57.781491,32.077007,-1874.072989,-345.524010,-30.713838,5.905964
-57.656087,32.818207,-1849.205122,-325.804804,-27.863467,6.003237
-57.503275,33.531599,-1824.293638,-306.469905,-25.043165,6.099648
-57.322054,34.215265,-1799.316140,-287.519688,-22.253024,6.195175
-57.111467,34.867504,-1774.250109,-268.954163,-19.493138,6.289811
-56.870615,35.486637,-1749.072969,-250.773070,-16.763596,6.383549
-56.598665,36.070979,-1723.762177,-232.975883,-14.064489,6.476385
-56.294846,36.618870,-1698.295351,-215.561828,-11.395917,6.568311
-55.958462,37.128675,-1672.650410,-198.529912,-8.757985,6.659323
-55.588893,37.598822,-1646.805824,-181.878996,-6.150819,6.749414
-55.185553,38.028053,-1620.742019,-165.608279,-3.574654,6.838582
-54.748290,38.413549,-1594.438454,-149.718112,-1.029388,6.926771
-54.276609,38.754276,-1567.873063,-134.205284,1.484891,7.014005
-53.768468,39.048657,-1540.953718,-119.033788,3.972412,7.100812
-53.266762,39.176789,-1513.273119,-103.977637,6.455787,7.183760
-52.683861,39.539183,-1486.704685,-89.655976,8.801924,7.266971
-52.093705,39.717936,-1459.092920,-75.431439,11.167172,7.348999
-51.471399,39.843356,-1431.185374,-61.582834,13.499105,7.429778
-50.816123,39.920120,-1402.955157,-48.089640,15.796743,7.509556
-50.128179,39.947712,-1374.392950,-34.950915,18.059652,7.588314
-49.408069,39.924937,-1345.491104,-22.167257,20.287454,7.665995
-48.656400,39.850851,-1316.241631,-9.737627,22.479737,7.742549
-47.873873,39.724725,-1286.637803,2.339446,24.636020,7.817896
-47.061373,39.545773,-1256.674739,14.065467,26.755739,7.891832
-46.221131,39.310380,-1226.348847,25.442300,28.838327,7.963680
-45.353449,39.019957,-1195.658768,36.470961,30.883131,8.033713
-44.251873,39.172102,-1164.636251,47.144954,32.887410,8.127920
-43.543457,38.252598,-1133.177397,57.492061,34.857198,8.166758
-42.383543,38.308033,-1101.435511,67.476230,36.782042,8.257619
-41.638455,37.267425,-1069.266069,77.134469,38.670769,8.291370
-40.417147,37.244016,-1036.809420,86.440727,40.513658,8.379510
-39.526856,36.320353,-1003.681580,95.481078,42.396894,8.422183
-38.370811,35.901691,-970.036250,104.195600,44.333141,8.493327
-37.291314,35.213236,-935.834078,112.722309,46.259697,8.549688
-36.497178,33.800939,-901.103267,120.957512,48.175067,8.567873
-35.137349,33.551758,-866.124112,128.824053,50.053686,8.646866
-34.008500,32.709344,-830.728116,136.403155,51.904562,8.693194
-32.871020,31.819762,-795.093818,143.624587,53.715482,8.735184
-31.716633,30.893408,-759.142246,150.530049,55.491470,8.770974
-30.807936,29.377217,-722.737395,157.189597,57.240083,8.776875
-29.336805,29.005936,-686.220872,163.496821,58.938911,8.840786
-28.471587,27.308249,-649.337674,169.515543,60.605234,8.830174
-27.292617,26.228351,-612.298882,175.214735,62.223956,8.850211
-26.109588,25.112464,-575.050645,180.614496,63.798340,8.865271
-24.923089,23.965101,-537.622948,185.714797,65.326133,8.875167
-23.738641,22.781985,-500.041375,190.518884,66.805282,8.879312
-22.561165,21.560151,-462.331498,195.030732,68.233720,8.877183
-21.394666,20.298233,-424.519530,199.254343,69.609347,8.868345
-20.242179,18.996430,-386.632383,203.193687,70.930039,8.852455
-19.105758,17.656430,-348.697232,206.852945,72.193666,8.829260
-17.986722,16.280944,-310.741450,210.236567,73.398101,8.798574
-16.885934,14.873245,-272.792611,213.349291,74.541224,8.760248
-15.803999,13.436849,-234.878454,216.196182,75.620924,8.714152
-14.741449,11.975231,-197.026818,218.782677,76.635112,8.660158
-13.699023,10.491399,-159.265556,221.114628,77.581729,8.598121
-12.677337,8.988456,-121.622642,223.198242,78.458747,8.527902
-11.677119,7.469197,-84.126035,225.040113,79.264183,8.449355
-10.699238,5.936093,-46.803647,226.647218,79.996109,8.362327
-9.744659,4.391364,-9.683341,228.026900,80.652663,8.266662
-8.814379,2.837094,27.207074,229.186836,81.232049,8.162211
-7.909491,1.275125,63.839835,230.135000,81.732555,8.048827
-7.030246,-0.291556,100.187696,230.879994,82.152581,7.926444
-6.179328,-1.863677,136.222489,231.429805,82.490567,7.794812
-5.447850,-3.594550,171.914279,231.789650,82.745011,7.644316
-4.654802,-5.170867,207.236554,231.975292,82.914506,7.494022
-3.891742,-6.748150,242.161522,231.991789,82.997919,7.334250
-3.158527,-8.323521,276.664174,231.849328,82.994349,7.165074
-2.455570,-9.895112,310.719269,231.558140,82.903012,6.986536
-1.782608,-11.460153,344.301205,231.128342,82.723237,6.798753
-1.139403,-13.016003,377.383529,230.569803,82.454440,6.601851
-0.527475,-14.562727,409.938516,229.891537,82.096112,6.395824
0.056366,-16.093747,441.943145,229.105517,81.648185,6.181118
0.607940,-17.613318,473.370293,228.220601,81.110509,5.957560
1.129036,-19.117127,504.195315,227.247239,80.483266,5.725518
1.619662,-20.603675,534.394542,226.195974,79.766868,5.485247
2.078701,-22.073138,563.944335,225.077215,78.961901,5.236934
2.507018,-23.523021,592.821550,223.901210,78.069169,4.980962
2.906186,-24.950008,621.003376,222.677978,77.089684,4.717798
3.276474,-26.352760,648.467783,221.417632,76.024680,4.447833
3.618154,-27.730060,675.193506,220.130267,74.875625,4.171494
3.931700,-29.080539,701.159943,218.825838,73.644206,3.889250
4.217693,-30.402809,726.347203,217.514142,72.332339,3.601613
4.476828,-31.695454,750.736156,216.204809,70.942162,3.309129
4.709866,-32.957093,774.308486,214.907285,69.476040,3.012381
4.917597,-34.186424,797.046548,213.630699,67.936548,2.711977
5.100903,-35.382145,818.933768,212.384068,66.326492,2.408561
5.261000,-36.542648,839.954974,211.176503,64.648915,2.102828
5.398716,-37.666929,860.095432,210.016450,62.907044,1.795462
5.514989,-38.753951,879.341445,208.912087,61.104312,1.487174
5.610965,-39.802501,897.680359,207.871385,59.244342,1.178712
5.687816,-40.811439,915.100721,206.902042,57.330951,0.870837
5.746670,-41.779775,931.592205,206.011440,55.368139,0.564322
5.788668,-42.706585,947.145646,205.206635,53.360069,0.259950
5.815007,-43.590956,961.753059,204.494338,51.311064,-0.041488
5.826880,-44.432045,975.407674,203.880903,49.225588,-0.339195
5.825421,-45.229144,988.103974,203.372328,47.108239,-0.632379
5.811776,-45.981557,999.837466,202.974100,44.963716,-0.920250
5.787208,-46.688472,1010.605308,202.691533,42.796845,-1.202008
5.753309,-47.348770,1020.408568,202.530470,40.612696,-1.476819
5.715630,-47.955974,1029.246285,202.496313,38.416188,-1.743503
5.719176,-48.453761,1037.121111,202.594981,36.212637,-1.997264
5.220215,-49.526021,1044.041551,202.815037,34.005251,-2.286752
5.595195,-49.450176,1050.000706,203.200105,31.804145,-2.486686
5.322078,-50.128193,1055.064426,203.495925,29.618195,-2.732506
4.999271,-50.788994,1059.364454,204.015072,27.454434,-2.967693
3.907341,-52.176887,1062.758755,204.686917,25.309595,-3.240970
14.288248,-41.941061,1065.309906,205.331996,23.205084,-2.759163
1.497418,-55.015438,1066.830932,206.451309,21.095054,-3.764810
4.597955,-52.014648,1067.483774,207.436628,19.034084,-3.730941
4.952306,-51.762011,1067.312174,208.637815,17.012461,-3.862152
5.052823,-51.709683,1066.267630,209.978615,15.032314,-3.995690
5.081014,-51.683804,1064.365655,211.454372,13.098121,-4.120273
5.079167,-51.644211,1061.630244,213.068299,11.214581,-4.233071
5.066978,-51.571779,1058.079287,214.819422,9.385839,-4.332659
5.052860,-51.458720,1053.730415,216.705677,7.615786,-4.418393
5.040152,-51.302419,1048.602086,218.724389,5.908107,-4.490016
5.030759,-51.101669,1042.714847,220.873077,4.266341,-4.547412
5.025634,-50.856192,1036.089576,223.148424,2.693778,-4.590579
5.025325,-50.566101,1028.748724,225.546958,1.193520,-4.619593
5.030127,-50.231731,1020.715448,228.064668,-0.231575,-4.634595
5.040119,-49.853620,1012.013972,230.697182,-1.578876,-4.635790
5.055159,-49.432517,1002.669460,233.439732,-2.845995,-4.623446
5.075115,-48.969140,992.708014,236.287260,-4.030783,-4.597871
5.099653,-48.464403,982.156396,239.234223,-5.131357,-4.559432
5.128457,-47.919171,971.041708,242.274616,-6.146107,-4.508534
5.161154,-47.334347,959.391390,245.402003,-7.073701,-4.445616
5.215908,-46.699642,947.211551,248.609524,-7.915912,-4.394173
5.264946,-46.035091,934.541757,251.881763,-8.670345,-4.341022
5.307030,-45.333421,921.251104,255.165136,-9.343536,-4.279184
5.397085,-44.460704,905.683989,257.857463,-10.021554,-4.196325
5.324334,-43.959539,895.027356,262.294829,-10.354136,-4.142621
5.372811,-43.162732,880.939676,265.751286,-10.746613,-4.058296
5.413709,-42.341786,866.581837,269.259070,-11.047818,-3.967593
5.452414,-41.492076,851.981511,272.807185,-11.258561,-3.870537
5.486563,-40.616872,837.161765,276.383191,-11.380192,-3.767704
5.515809,-39.717701,822.156437,279.980352,-11.413680,-3.659555
5.541070,-38.794841,806.997810,283.591009,-11.360293,-3.546458
5.561746,-37.850292,791.719129,287.207576,-11.221475,-3.428904
5.577209,-36.886208,776.354039,290.822642,-10.998840,-3.307393
5.587155,-35.904527,760.936342,294.428926,-10.694174,-3.182403
5.591387,-34.907193,745.499927,298.019262,-10.309422,-3.054405
5.589751,-33.896228,730.078671,301.586608,-9.846682,-2.923866
5.582147,-32.873713,714.706319,305.124034,-9.308193,-2.791248
5.568548,-31.841767,699.416372,308.624730,-8.696329,-2.657003
5.548962,-30.802579,684.241973,312.081998,-8.013590,-2.521576
5.523551,-29.758285,669.215785,315.489236,-7.262586,-2.385395
5.492539,-28.711050,654.369886,318.839948,-6.446033,-2.248873
5.456321,-27.662949,639.735661,322.127734,-5.566739,-2.112404
5.415350,-26.616075,625.343685,325.346282,-4.627595,-1.976367
5.370226,-25.572428,611.223446,328.489293,-3.631572,-1.841117
5.321767,-24.533795,597.402506,331.550233,-2.581743,-1.706977
5.260624,-23.511832,583.891519,334.516215,-1.482122,-1.574916
5.175313,-22.504479,570.026600,337.084233,-0.523848,-1.445389
5.100981,-21.485826,556.240444,339.410661,0.452164,-1.316132
5.036809,-20.467516,542.775089,341.592645,1.452953,-1.188693
4.964673,-19.471446,529.673680,343.635357,2.477404,-1.064760
4.887389,-18.496517,516.934918,345.522595,3.521804,-0.944306
4.808800,-17.541271,504.574889,347.246874,4.583390,-0.827310
4.729935,-16.607339,492.615495,348.804657,5.659803,-0.713968
4.649645,-15.698717,481.080566,350.193569,6.748848,-0.604644
4.572963,-14.812506,469.978230,351.406810,7.847739,-0.499177
4.502620,-13.947887,459.328980,352.443180,8.954510,-0.397530
4.431934,-13.114386,449.144373,353.296763,10.066579,-0.300449
4.362456,-12.312461,439.433320,353.962835,11.181554,-0.207991
4.295734,-11.542502,430.204171,354.437246,12.297157,-0.120212
4.232629,-10.805431,421.462545,354.715614,13.411124,-0.037194
4.173918,-10.102047,413.211091,354.793218,14.521193,0.040990
4.120259,-9.433073,405.449656,354.665080,15.625119,0.114275
4.072185,-8.799162,398.175537,354.326103,16.720693,0.182604
4.030514,-8.200448,391.383219,353.770943,17.805726,0.245955
4.013781,-7.618764,385.072883,352.995023,18.878313,0.305459
4.120143,-6.952521,379.210690,351.989757,19.934985,0.368371
3.963047,-6.650124,373.770176,350.756623,20.973719,0.401354
3.866641,-6.339340,368.761225,349.283821,21.993032,0.431967
3.819571,-6.012982,364.008334,347.718756,22.990674,0.463060
3.790534,-5.705606,359.415822,345.807271,23.952249,0.490372
3.779146,-5.425452,355.178756,343.650622,24.888391,0.513135
3.777010,-5.179441,351.281651,341.249214,25.798048,0.530947
3.781411,-4.967843,347.678523,338.587326,26.678166,0.543840
3.790836,-4.790317,344.334569,335.655437,27.526455,0.551862
3.804086,-4.646407,341.220511,332.448034,28.341114,0.555064
3.820129,-4.535394,338.306202,328.960323,29.120431,0.553514
3.838332,-4.456008,335.559362,325.187514,29.862687,0.547324
3.858221,-4.406692,332.946142,321.125039,30.566183,0.536626
3.879487,-4.385616,330.431513,316.768729,31.229252,0.521582
3.902313,-4.390927,327.990315,312.118948,31.850918,0.502343
3.924922,-4.420294,325.552399,307.159860,32.427575,0.479163
3.947873,-4.473436,323.133353,301.909011,32.960903,0.452063
3.973688,-4.542291,320.632283,296.340140,33.445472,0.421709
3.997801,-4.631641,318.071322,290.475125,33.883590,0.387829
4.022813,-4.734413,315.371135,284.297033,34.271196,0.351012
4.047799,-4.849663,312.510560,277.812453,34.607963,0.311423
4.071386,-4.976119,309.451334,271.021731,34.892495,0.269269
4.093289,-5.111431,306.156755,263.926510,35.123523,0.224844
4.113442,-5.253058,302.591380,256.529453,35.299862,0.178465
4.131697,-5.398570,298.720975,248.834167,35.420404,0.130454
4.147844,-5.545643,294.512568,240.845171,35.484116,0.081141
4.161644,-5.692030,289.934633,232.567928,35.490042,0.030859
4.172870,-5.835532,284.957234,224.008840,35.437313,-0.020050
4.181269,-5.974049,279.552175,215.175255,35.325147,-0.071239
4.186574,-6.105572,273.693123,206.075459,35.152860,-0.122362
4.188485,-6.228211,267.355767,196.718677,34.919867,-0.173070
4.186761,-6.340108,260.517909,187.115050,34.625693,-0.223013
4.181153,-6.439513,253.159536,177.275599,34.269975,-0.271843
4.171297,-6.524887,245.262951,167.212209,33.852468,-0.319222
4.154224,-6.597140,236.812174,156.937233,33.373040,-0.364954
4.129665,-6.654863,227.794755,146.464439,32.831738,-0.408710
4.098673,-6.695489,218.200705,135.808273,32.228723,-0.450095
4.062252,-6.716621,208.022319,124.983742,31.564281,-0.488734
4.020985,-6.716390,197.254392,114.006475,30.838841,-0.524291
3.975021,-6.693472,185.894286,102.892691,30.052990,-0.556475
3.924195,-6.646964,173.941926,91.659140,29.207472,-0.585029
3.868147,-6.576275,161.399794,80.323028,28.303190,-0.609732
3.806490,-6.480958,148.272897,68.901954,27.341207,-0.630382
3.738738,-6.360795,134.568772,57.413851,26.322752,-0.646813
3.664531,-6.215557,120.297388,45.876899,25.249215,-0.658873
3.583582,-6.045060,105.471127,34.309466,24.122152,-0.666434
3.495597,-5.849259,90.104740,22.730042,22.943284,-0.669396
3.400291,-5.628220,74.215258,11.157167,21.714496,-0.667690
3.297369,-5.382148,57.821908,-0.390652,20.437838,-0.661277
3.186537,-5.111363,40.946019,-11.895002,19.115518,-0.650147
3.067500,-4.816307,23.610948,-23.337628,17.749905,-0.634322
2.939961,-4.497545,5.841975,-34.700498,16.343519,-0.613853
2.803610,-4.155774,-12.333806,-45.965873,14.899033,-0.588824
2.658160,-3.791782,-30.887603,-57.116361,13.419259,-0.559347
2.503331,-3.406469,-49.789035,-68.134979,11.907151,-0.525562
2.338855,-3.000834,-69.006250,-79.005200,10.365790,-0.487636
2.164503,-2.575958,-88.505907,-89.710938,8.798390,-0.445762
1.980125,-2.132900,-108.254096,-100.236909,7.208239,-0.400149
1.785353,-1.673154,-128.214911,-110.568168,5.598777,-0.351052
1.579983,-1.198102,-148.351849,-120.690466,3.973522,-0.298735
1.363873,-0.709163,-168.627498,-130.590142,2.336085,-0.243478
1.136945,-0.207785,-189.003797,-140.254269,0.690140,-0.185572
0.899106,0.304497,-209.443027,-149.671247,-0.960642,-0.125328
0.650432,0.826201,-229.905904,-158.829467,-2.612460,-0.063059
0.763567,1.892603,-250.431540,-167.762003,-4.265978,0.036804
0.094170,1.856532,-270.738017,-176.328777,-5.903737,0.063936
0.263178,3.058807,-290.989121,-184.670554,-7.533558,0.173745
-0.051709,3.579312,-311.146602,-192.697277,-9.150700,0.239439
-0.350899,4.141182,-331.126739,-200.421388,-10.749434,0.308162
-0.660077,4.708299,-350.902774,-207.838671,-12.326604,0.377500
-0.981410,5.275067,-370.432880,-214.941721,-13.878288,0.446862
-1.313707,5.840378,-389.676184,-221.724399,-15.400655,0.515949
-1.655269,6.403866,-408.594370,-228.182055,-16.890055,0.584524
-2.004380,6.965187,-427.150993,-234.311169,-18.342984,0.652367
-2.360260,7.522720,-445.311735,-240.109419,-19.756113,0.719198
-2.723701,8.072549,-463.042571,-245.574683,-21.126173,0.784609
-3.082552,8.639549,-480.477705,-250.798747,-22.458882,0.850468
-3.562183,9.002183,-496.922969,-255.755611,-23.723675,0.896144
-3.823433,9.628023,-512.920535,-260.338741,-24.937940,0.957458
-4.059135,10.228488,-528.324878,-264.581476,-26.088218,1.014258
-4.337313,10.734540,-542.885839,-268.424621,-27.117375,1.061612
-4.663949,11.161880,-556.872905,-271.943903,-28.096167,1.103010
-4.981357,11.584896,-570.260058,-275.147373,-29.025618,1.142829
-5.291190,12.000873,-583.067066,-278.059690,-29.908543,1.180946
-5.594716,12.406418,-595.285318,-280.689023,-30.744659,1.217136
-5.890950,12.794454,-606.734333,-282.986063,-31.499547,1.250059
-6.180818,13.169425,-617.578461,-285.016335,-32.201982,1.280986
-6.464019,13.525364,-627.710447,-286.745873,-32.836476,1.309138
-6.740443,13.860134,-637.114408,-288.179375,-33.401904,1.334408
-7.009109,14.173288,-645.782363,-289.323169,-33.897854,1.356842
-7.269468,14.463758,-653.706620,-290.183040,-34.324017,1.376455
-7.521037,14.730497,-660.881510,-290.765302,-34.680308,1.393270
-7.763196,14.972775,-667.303141,-291.076570,-34.966856,1.407340
-7.995504,15.189700,-672.968888,-291.123538,-35.183960,1.418711
-8.217441,15.380650,-677.878301,-290.913343,-35.332154,1.427453
-8.428587,15.545035,-682.033241,-290.453712,-35.412208,1.433641
-8.628361,15.682597,-685.436038,-289.751788,-35.425016,1.437374
-8.816415,15.792925,-688.091603,-288.815515,-35.371717,1.438742
-8.992346,15.875862,-690.006519,-287.652998,-35.253643,1.437853
-9.155768,15.931399,-691.189113,-286.272532,-35.072315,1.434822
-9.306402,15.959508,-691.648628,-284.682032,-34.829391,1.429762
-9.444112,15.960139,-691.396542,-282.890271,-34.526740,1.422781
-9.568470,15.933879,-690.445638,-280.905491,-34.166386,1.414025
-9.679640,15.880490,-688.809242,-278.736234,-33.750448,1.403578
-9.777445,15.800513,-686.502822,-276.390835,-33.281245,1.391575
-9.861879,15.694386,-683.543259,-273.878069,-32.761231,1.378135
-9.932964,15.562666,-679.948634,-271.206670,-32.192989,1.363378
-9.990729,15.406052,-675.737882,-268.385082,-31.579200,1.347428
-10.035327,15.225205,-670.931245,-265.422006,-30.922662,1.330396
-10.066967,15.020828,-665.549402,-262.325633,-30.226239,1.312392
-10.085832,14.793785,-659.613530,-259.103717,-29.492850,1.293529
-10.092307,14.544788,-653.146530,-255.764801,-28.725539,1.273899
-10.086656,14.274861,-646.171883,-252.317039,-27.927402,1.253609
-10.069331,13.984765,-638.712484,-248.767984,-27.101507,1.232741
-10.040723,13.675510,-630.792505,-245.125247,-26.251001,1.211386
-10.001395,13.347823,-622.435086,-241.395858,-25.378961,1.189611
-9.952018,13.002218,-613.661705,-237.585802,-24.488355,1.167466
-9.893720,12.638109,-604.487390,-233.698655,-23.581728,1.144925
-9.828956,12.250875,-594.896773,-229.726929,-22.659763,1.121721
-9.770956,11.798439,-584.565983,-225.556354,-21.704594,1.095348
-9.646360,11.477443,-574.721773,-221.512808,-20.783229,1.078305
-9.534199,11.176418,-565.458121,-217.594376,-19.913951,1.064085
-9.446810,10.746373,-554.847421,-213.158981,-18.980005,1.043641
-9.342919,10.344250,-544.303181,-208.789887,-18.064311,1.025462
-9.232861,9.936947,-533.566804,-204.382516,-17.155351,1.007618
-9.118094,9.523664,-522.655849,-199.939045,-16.255402,0.990061
-8.998185,9.106902,-511.598092,-195.470496,-15.367323,0.972889
-8.873153,8.688129,-500.415303,-190.984005,-14.493529,0.956156
-8.743403,8.268080,-489.126626,-186.484827,-13.636187,0.939876
-8.609353,7.847437,-477.750706,-181.977930,-12.797346,0.924062
-8.471369,7.426928,-466.305834,-177.468174,-11.978935,0.908727
-8.329785,7.007287,-454.809746,-172.960200,-11.182753,0.893883
-8.184916,6.589225,-443.279530,-168.458393,-10.410461,0.879541
-8.037087,6.173387,-431.731590,-163.966874,-9.663570,0.865707
-7.886552,5.760467,-420.181632,-159.489522,-8.943450,0.852389
-7.733592,5.351063,-408.644628,-155.029964,-8.251315,0.839587
-7.578432,4.945793,-397.134801,-150.591579,-7.588229,0.827305
-7.421287,4.545237,-385.665605,-146.177505,-6.955101,0.815542
-7.262397,4.149858,-374.249551,-141.790572,-6.352677,0.804289
-7.089054,3.755559,-362.357726,-137.302176,-5.627609,0.792074
-6.908060,3.372683,-350.379084,-132.744142,-4.895200,0.780219
-6.731776,2.975130,-338.233673,-128.105119,-4.160941,0.767724
-6.555121,2.583591,-326.177354,-123.511184,-3.447765,0.755175
-6.374176,2.204403,-314.212998,-118.956207,-2.757374,0.742975
-6.191453,1.833531,-302.333255,-114.429023,-2.089895,0.730956
-6.007932,1.470005,-290.546027,-109.928424,-1.446189,0.719067
-5.823888,1.114161,-278.865603,-105.458104,-0.827306,0.707310
-5.639424,0.766554,-267.306107,-101.022052,-0.234197,0.695699
-5.454715,0.427528,-255.880245,-96.623699,0.332359,0.684239
-5.269957,0.097324,-244.599656,-92.266162,0.871732,0.672932
-5.085039,-0.223402,-233.475432,-87.952480,1.383412,0.661804
-4.899443,-0.533293,-222.520131,-83.686282,1.866888,0.650921
-4.714435,-0.833908,-211.737922,-79.468135,2.322250,0.640201
-4.535238,-1.133663,-201.137655,-75.302619,2.749280,0.629099
-4.353942,-1.419632,-190.729142,-71.191210,3.147924,0.618398
-4.171574,-1.693352,-180.517147,-67.135331,3.518437,0.608009
-3.989196,-1.956323,-170.507507,-63.137027,3.861078,0.597835
-3.807352,-2.209299,-160.705493,-59.198384,4.176208,0.587821
-3.626442,-2.452859,-151.115457,-55.321256,4.464299,0.577926
-3.446751,-2.687441,-141.740889,-51.507252,4.725933,0.568119
-3.298072,-3.012258,-132.014589,-47.886635,5.000988,0.552096
-3.066985,-3.134503,-123.446995,-44.488588,5.190193,0.546175
-2.887642,-3.366226,-114.440084,-40.968931,5.394335,0.534583
-2.710094,-3.590842,-105.668950,-37.550848,5.574773,0.522645
-2.532722,-3.805148,-97.135037,-34.221855,5.731739,0.510633
-2.358794,-4.014362,-88.823336,-30.968965,5.866966,0.498317
-2.192900,-4.224799,-80.737650,-27.791217,5.981219,0.485337
-2.108003,-4.550182,-72.886625,-24.690478,6.075354,0.464333
-1.850696,-4.586901,-65.219177,-21.656428,6.152700,0.461613
-1.626808,-4.653043,-57.775075,-18.694591,6.212538,0.456809
-1.429906,-4.739992,-50.555962,-15.806253,6.255856,0.450439
-1.253039,-4.839438,-43.555677,-12.988490,6.284042,0.442998
-1.089690,-4.943696,-36.771161,-10.240136,6.298320,0.434929
-0.934184,-5.046033,-30.201526,-7.561007,6.299791,0.426615
-0.783168,-5.142849,-23.843142,-4.950276,6.289712,0.418265
-0.634218,-5.231414,-17.694691,-2.407720,6.269193,0.410040
-0.486066,-5.310420,-11.754072,0.067162,6.239373,0.402023
-0.338222,-5.379522,-6.018041,2.475400,6.201434,0.394249
-0.190791,-5.439080,-0.483817,4.817609,6.156507,0.386710
-0.044054,-5.489636,4.851504,7.094402,6.105694,0.379389
0.101667,-5.531778,9.990911,9.306372,6.050069,0.372267
0.246080,-5.566057,14.937879,11.454344,5.990696,0.365330
0.388972,-5.592921,19.695759,13.539019,5.928587,0.358568
0.502333,-5.645962,24.262364,15.559556,5.864376,0.350034
0.606353,-5.700855,28.650277,17.519790,5.799590,0.341202
0.708084,-5.748946,32.860809,19.419231,5.734970,0.332595
0.807820,-5.790376,36.896449,21.257818,5.671265,0.324208
0.905409,-5.825770,40.760394,23.035899,5.609223,0.316007
1.000622,-5.855728,44.455845,24.753838,5.549547,0.307968
1.093214,-5.880793,47.985947,26.411977,5.492883,0.300073
1.182960,-5.901453,51.353761,28.010621,5.439822,0.292307
1.269689,-5.918063,54.562065,29.549935,5.390885,0.284666
1.353709,-5.929867,57.613257,31.029966,5.346539,0.277234
1.434867,-5.937573,60.510929,32.451373,5.307220,0.269975
1.513154,-5.941496,63.257393,33.814073,5.273250,0.262876
1.588505,-5.941949,65.854954,35.118004,5.244900,0.255928
1.660855,-5.939193,68.305686,36.363051,5.222377,0.249127
1.730140,-5.933463,70.611673,37.549180,5.205837,0.242473
1.796305,-5.924967,72.774784,38.676276,5.195374,0.235966
1.859283,-5.913920,74.796764,39.744179,5.191027,0.229604
1.919022,-5.900502,76.679068,40.752612,5.192771,0.223388
1.975480,-5.884873,78.423052,41.701306,5.200529,0.217321
2.028611,-5.867195,80.029943,42.589954,5.214175,0.211402
2.078372,-5.847615,81.500738,43.418157,5.233528,0.205633
2.124754,-5.826228,82.836325,44.185556,5.258360,0.200017
2.167722,-5.803166,84.037724,44.891885,5.288418,0.194556
2.376352,-5.532594,85.081960,45.523277,5.321587,0.205703
2.235988,-5.761342,86.049826,46.122252,5.363482,0.183542
2.441210,-5.483544,86.845176,46.634478,5.406390,0.195358
2.292646,-5.709763,87.522118,47.099723,5.454730,0.173465
2.498968,-5.418943,88.060312,47.488220,5.505123,0.186318
2.337091,-5.650684,88.465088,47.824107,5.559172,0.164209
2.543193,-5.348884,88.744057,48.085983,5.615009,0.177980
2.369596,-5.584311,88.880683,48.292119,5.673010,0.155803
2.573797,-5.274032,88.899691,48.425574,5.732199,0.170345
2.390326,-5.510898,88.770843,48.501306,5.792198,0.148267
2.591267,-5.194203,88.529872,48.505092,5.852596,0.163457
2.399421,-5.430710,88.137603,48.449931,5.912527,0.141617
2.596024,-5.109264,87.636985,48.323214,5.971952,0.157354
2.397025,-5.344000,86.983269,48.136980,6.029711,0.135857
2.588440,-5.019175,86.224214,47.879605,6.086018,0.152058
2.383348,-5.250950,85.311174,47.562573,6.139512,0.130995
2.569699,-4.922665,84.296764,47.175386,6.190688,0.147676
2.358289,-5.151976,83.126189,46.728139,6.237848,0.127027
2.540244,-4.819717,81.859709,46.212223,6.281927,0.144215
2.322454,-5.046957,80.433154,45.635675,6.320739,0.123960
2.498521,-4.713033,78.916640,44.992323,6.355784,0.141504
2.275633,-4.941934,77.365047,44.334515,6.401203,0.121372
2.420290,-4.618391,75.014386,43.372112,6.281600,0.139745
2.204808,-4.797116,72.435524,42.300851,6.140480,0.124495
2.341213,-4.468529,69.621652,41.107039,5.977798,0.143537
2.143258,-4.602795,66.547807,39.821290,5.795655,0.131624
2.305915,-4.149273,61.974440,38.023919,5.524807,0.159741
2.077728,-4.319144,58.698929,36.487413,5.302730,0.145178
1.983244,-4.441564,58.086592,35.930138,5.234563,0.134184
2.066330,-4.209978,55.398174,34.571465,5.038619,0.146700
1.824285,-4.421783,52.448335,33.164060,4.829351,0.129775
1.961652,-4.041631,48.547308,31.584538,4.577525,0.154338
1.882662,-3.966759,44.642483,30.008859,4.322178,0.158797
1.830826,-3.857630,40.748918,28.412114,4.061318,0.165582
1.613913,-3.987411,36.958644,26.820400,3.799942,0.156266
1.704571,-3.681505,33.101152,25.183485,3.529700,0.176290
1.612603,-3.629167,29.157307,23.516873,3.251406,0.179557
1.537336,-3.554228,25.196066,21.833411,2.968148,0.184379
1.465278,-3.474408,21.206824,20.130652,2.679585,0.189622
1.409483,-3.370733,17.156664,18.398331,2.384086,0.196568
1.213425,-3.466164,13.142650,16.669311,2.087118,0.190214
1.269451,-3.205017,9.084527,14.905570,1.783662,0.207815
1.082431,-3.290215,5.055017,13.152387,1.484813,0.202167
1.141244,-3.029616,1.070050,11.396118,1.192720,0.219612
0.953642,-3.122165,-2.860240,9.660469,0.906976,0.213298
1.021972,-2.852859,-6.773517,7.913471,0.624692,0.231207
0.828096,-2.960839,-10.587107,6.204874,0.352424,0.223721
0.927477,-2.654764,-14.397369,4.482262,0.083833,0.243912
0.706187,-2.807892,-18.066347,2.811866,-0.171748,0.233265
0.651673,-2.728423,-21.706101,1.143680,-0.421069,0.238108
0.742078,-2.445529,-25.275535,-0.508536,-0.661638,0.256489
0.538289,-2.587669,-28.725910,-2.109631,-0.889232,0.246298
0.666506,-2.260253,-32.146000,-3.711936,-1.110170,0.267465
0.431406,-2.454937,-35.390637,-5.243833,-1.314779,0.253634
0.385773,-2.384755,-38.591475,-6.763851,-1.511266,0.257439
0.502011,-2.086665,-41.704512,-8.257084,-1.697198,0.276419
0.289905,-2.264389,-44.678628,-9.685349,-1.868289,0.263495
0.439554,-1.928262,-47.614930,-11.108831,-2.032023,0.284880
0.202069,-2.151008,-50.361352,-12.449375,-2.178226,0.268880
0.166671,-2.089670,-53.059895,-13.772772,-2.316183,0.271810
0.309694,-1.775973,-55.658803,-15.060941,-2.443142,0.291557
0.090423,-1.987773,-58.129583,-16.281641,-2.556206,0.276186
0.247725,-1.661724,-60.549893,-17.490979,-2.661957,0.296726
0.023531,-1.890296,-62.791611,-18.612654,-2.751235,0.280226
0.209975,-1.531646,-65.021088,-19.733865,-2.835797,0.302904
-0.036027,-1.799385,-67.052834,-20.761576,-2.903511,0.283836
0.029598,-1.623424,-69.065774,-21.779654,-2.966306,0.294345
-0.081310,-1.705425,-70.937817,-22.731211,-3.016707,0.287692
0.101116,-1.367504,-72.749365,-23.659408,-3.060538,0.309042
-0.125524,-1.624439,-74.444522,-24.516639,-3.093214,0.290821
0.065863,-1.279781,-76.099468,-25.363259,-3.121678,0.312722
-0.161938,-1.546650,-77.593897,-26.122307,-3.137106,0.293938
0.046351,-1.184333,-79.091194,-26.885272,-3.151585,0.317097
-0.191953,-1.473043,-80.405841,-27.553162,-3.152553,0.297004
0.048873,-1.070931,-81.751403,-28.232750,-3.154805,0.322897
-0.216770,-1.404196,-82.900510,-28.815671,-3.143843,0.300021
-0.202187,-1.336063,-84.053728,-29.392980,-3.132878,0.303852
-0.003521,-1.001540,-85.150997,-29.943589,-3.118923,0.325476
-0.236306,-1.298417,-86.103143,-30.412170,-3.095451,0.305214
0.001540,-0.912524,-87.086384,-30.895686,-3.075421,0.330386
-0.247011,-1.236885,-87.891339,-31.285970,-3.044767,0.308508
-0.015103,-0.865691,-88.747860,-31.695598,-3.019175,0.332829
-0.252996,-1.178196,-89.428221,-32.019169,-2.984233,0.311943
0.013633,-0.760226,-90.170477,-32.365258,-2.955492,0.339524
-0.258200,-1.126941,-90.726139,-32.618982,-2.917133,0.315237
0.015791,-0.702333,-91.357792,-32.902894,-2.886526,0.343412
-0.268936,-1.089395,-91.806974,-33.097130,-2.847116,0.318047
-0.031805,-0.716853,-92.310751,-33.317262,-2.814899,0.343077
-0.272864,-1.050538,-92.682396,-33.461291,-2.776874,0.321265
-0.028696,-0.671772,-93.053422,-33.616580,-2.743516,0.346840
-0.275373,-1.017172,-93.359918,-33.719163,-2.708599,0.324443
-0.013433,-0.617156,-93.615102,-33.818732,-2.675862,0.351508
-0.277163,-0.990179,-93.845181,-33.877321,-2.643976,0.327515
0.003468,-0.567437,-93.992139,-33.926248,-2.612844,0.356155
-0.278061,-0.969392,-94.144841,-33.942796,-2.584399,0.330466
0.021405,-0.523555,-94.189315,-33.945311,-2.555565,0.360699
-0.278019,-0.954844,-94.264275,-33.922022,-2.530830,0.333270
0.040169,-0.485938,-94.211066,-33.881919,-2.504755,0.365088
-0.026662,-0.571805,-94.238148,-33.842097,-2.486276,0.360866
-0.030583,-0.579571,-94.106287,-33.749702,-2.463032,0.361411
-0.034964,-0.587337,-93.969930,-33.652960,-2.443679,0.362072
-0.039788,-0.596847,-93.791487,-33.538146,-2.425968,0.362696
-0.041467,-0.603675,-93.563894,-33.403742,-2.409434,0.363542
-0.040279,-0.608106,-93.291927,-33.252003,-2.394277,0.364589
-0.036927,-0.611016,-92.979336,-33.084534,-2.380615,0.365776
-0.032305,-0.613598,-92.627209,-32.901887,-2.368388,0.367027
-0.026848,-0.616471,-92.235768,-32.704322,-2.357476,0.368300
-0.020892,-0.620109,-91.805215,-32.492117,-2.347749,0.369562
-0.014646,-0.624834,-91.335333,-32.265392,-2.339044,0.370789
-0.008286,-0.630937,-90.825605,-32.024151,-2.331172,0.371959
-0.001937,-0.638656,-90.275127,-31.768246,-2.323913,0.373054
0.004237,-0.648367,-89.681524,-31.497029,-2.316957,0.374044
0.010012,-0.660637,-89.040393,-31.209199,-2.309872,0.374888
0.014999,-0.676614,-88.341086,-30.901433,-2.301867,0.375504
0.018320,-0.699084,-87.555847,-30.565072,-2.291180,0.375694
0.016863,-0.737556,-86.592991,-30.171564,-2.272447,0.374798
0.036693,-0.802922,-84.571047,-29.417790,-2.172829,0.371674
0.023589,-0.871297,-83.213688,-28.812323,-2.084436,0.368844
0.059104,-0.806065,-83.091705,-28.688052,-2.069977,0.374344
0.080535,-0.759975,-82.987388,-28.586174,-2.057506,0.378468
0.113121,-0.698053,-82.972204,-28.576422,-2.055840,0.383117
0.126926,-0.716142,-81.909087,-28.132603,-1.987550,0.382956
0.139035,-0.746339,-80.652021,-27.610317,-1.905984,0.382026
0.150377,-0.777204,-79.396633,-27.090919,-1.823487,0.381000
0.161858,-0.807685,-78.139410,-26.572836,-1.739895,0.379946
0.173930,-0.837330,-76.877617,-26.054820,-1.655087,0.378893
0.186612,-0.866173,-75.610598,-25.536508,-1.569074,0.377838
0.199860,-0.894305,-74.338438,-25.017851,-1.481907,0.376778
0.213593,-0.921843,-73.061654,-24.498983,-1.393666,0.375704
0.227726,-0.948886,-71.781192,-23.980218,-1.304454,0.374612
0.242180,-0.975511,-70.498208,-23.461963,-1.214387,0.373497
0.256885,-1.001776,-69.214115,-22.944727,-1.123593,0.372356
0.271777,-1.027709,-67.930528,-22.429110,-1.032214,0.371187
0.286799,-1.053325,-66.649214,-21.915772,-0.940399,0.369990
0.301907,-1.078620,-65.371960,-21.405380,-0.848296,0.368764
0.317050,-1.103596,-64.100461,-20.898546,-0.756039,0.367511
0.332192,-1.128222,-62.836843,-20.396105,-0.663810,0.366232
0.347323,-1.152433,-61.583184,-19.898861,-0.571784,0.364934
0.362400,-1.176212,-60.341367,-19.407526,-0.480118,0.363618
0.377373,-1.199554,-59.113291,-18.922819,-0.388967,0.362285
0.392220,-1.222401,-57.901000,-18.445518,-0.298497,0.360940
0.406931,-1.244698,-56.706239,-17.976277,-0.208854,0.359587
0.421480,-1.266406,-55.530810,-17.515774,-0.120186,0.358231
0.435844,-1.287494,-54.376270,-17.064585,-0.032627,0.356874
0.449996,-1.307934,-53.244219,-16.623304,0.053689,0.355520
0.463925,-1.327675,-52.136213,-16.192509,0.138630,0.354173
0.477610,-1.346689,-51.053601,-15.772689,0.222078,0.352836
0.491041,-1.364934,-49.997796,-15.364363,0.303912,0.351515
0.504194,-1.382381,-48.970204,-14.968045,0.384012,0.350212
0.517034,-1.399049,-47.971607,-14.583992,0.462299,0.348929
0.529571,-1.414874,-47.003101,-14.212591,0.538675,0.347671
0.541797,-1.429827,-46.065652,-13.854180,0.613051,0.346441
0.553692,-1.443902,-45.160078,-13.509030,0.685348,0.345243
0.565240,-1.457088,-44.287093,-13.177376,0.755494,0.344079
0.576400,-1.469426,-43.447019,-12.859286,0.823445,0.342948
0.587237,-1.480868,-42.639283,-12.554457,0.889214,0.341856
0.598206,-1.490594,-41.861969,-12.262039,0.952905,0.340870
0.603021,-1.507266,-41.131346,-11.988887,1.013435,0.339400
0.615973,-1.511512,-40.421461,-11.723846,1.072473,0.338737
0.622617,-1.519951,-39.781105,-11.465236,1.128601,0.337980
0.632571,-1.523543,-39.170932,-11.230224,1.181756,0.337406
0.643961,-1.522831,-38.611645,-11.012503,1.231765,0.337120
0.657331,-1.518095,-38.092428,-10.809360,1.279091,0.337083
0.663526,-1.521834,-37.601360,-10.614829,1.324566,0.336523
0.669855,-1.524003,-37.135540,-10.428055,1.368336,0.336092
0.675895,-1.525209,-36.698195,-10.250785,1.410152,0.335740
0.681568,-1.525595,-36.291180,-10.083893,1.449877,0.335455
0.686754,-1.525330,-35.914907,-9.927721,1.487461,0.335225
0.691449,-1.524415,-35.569389,-9.782480,1.522872,0.335049
0.695640,-1.522882,-35.254462,-9.648324,1.556092,0.334926
0.699349,-1.520686,-34.970279,-9.525388,1.587096,0.334859
0.702525,-1.517923,-34.716334,-9.413659,1.615889,0.334842
0.705175,-1.514612,-34.492040,-9.313072,1.642485,0.334873
0.707353,-1.510701,-34.296912,-9.223564,1.666894,0.334956
0.709044,-1.506256,-34.130092,-9.145005,1.689144,0.335086
0.710252,-1.501223,-33.992950,-9.077773,1.708638,0.335273
0.711134,-1.494602,-33.905860,-9.030137,1.721161,0.335622
0.711137,-1.487809,-33.851036,-8.995718,1.730592,0.336003
0.710680,-1.480900,-33.820669,-8.970754,1.737510,0.336399
0.709714,-1.473853,-33.813140,-8.955075,1.741932,0.336817
0.708386,-1.466454,-33.825915,-8.948228,1.744084,0.337273
0.707352,-1.457676,-33.861535,-8.951365,1.743772,0.337838
0.706243,-1.448016,-33.922454,-8.965819,1.740391,0.338480
0.704851,-1.437853,-34.006822,-8.991020,1.734008,0.339174
0.703047,-1.427475,-34.112221,-9.026299,1.724828,0.339898
0.700806,-1.416998,-34.236569,-9.071064,1.713066,0.340644
0.698192,-1.406410,-34.377978,-9.124637,1.698931,0.341411
0.695267,-1.395688,-34.534612,-9.186295,1.682631,0.342201
0.692067,-1.384849,-34.704652,-9.255356,1.664381,0.343010
0.688635,-1.373889,-34.886437,-9.331131,1.644384,0.343838
0.684980,-1.362876,-35.077921,-9.412838,1.622873,0.344681
0.681154,-1.351790,-35.277443,-9.499737,1.600051,0.345538
0.677178,-1.340664,-35.483298,-9.591105,1.576131,0.346408
0.673039,-1.329587,-35.693551,-9.686187,1.551336,0.347282
0.668767,-1.318575,-35.906662,-9.784317,1.525862,0.348160
0.664387,-1.307641,-36.121148,-9.884809,1.499901,0.349040
0.659883,-1.296877,-36.335184,-9.986911,1.473656,0.349915
0.655328,-1.286209,-36.547797,-10.090049,1.447278,0.350791
0.650698,-1.275742,-36.757203,-10.193480,1.420958,0.351659
0.646088,-1.265356,-36.962790,-10.296714,1.394815,0.352527
0.641518,-1.255066,-37.163365,-10.399158,1.368995,0.353396
0.637083,-1.244791,-37.357788,-10.500182,1.343630,0.354268
0.632848,-1.234435,-37.545703,-10.599399,1.318811,0.355151
0.629076,-1.223533,-37.727550,-10.696530,1.294586,0.356078
0.625815,-1.211440,-37.909222,-10.792939,1.270734,0.357102
0.620472,-1.200416,-38.119026,-10.898105,1.245736,0.358081
0.615451,-1.175153,-38.604852,-11.117851,1.203341,0.359875
0.612966,-1.169614,-38.655806,-11.179375,1.187377,0.360346
0.609932,-1.161459,-38.727909,-11.219837,1.172249,0.361283
0.606078,-1.154114,-38.798940,-11.259630,1.157406,0.362179
0.601495,-1.147471,-38.868973,-11.298799,1.142828,0.363040
0.598011,-1.139019,-38.938031,-11.337338,1.128508,0.364028
0.591542,-1.134589,-39.006195,-11.375363,1.114415,0.364760
0.590740,-1.121615,-39.073290,-11.412620,1.100609,0.366069
0.582915,-1.118385,-39.139797,-11.449602,1.086960,0.366747
0.582887,-1.103880,-39.204588,-11.485465,1.073677,0.368171
0.574803,-1.100472,-39.269057,-11.521205,1.060525,0.368881
0.576442,-1.083255,-39.331281,-11.555509,1.047823,0.370496
0.567817,-1.080151,-39.393193,-11.589737,1.035247,0.371205
0.571275,-1.060123,-39.452334,-11.622197,1.023228,0.373013
0.562150,-1.057399,-39.510975,-11.654522,1.011357,0.373714
0.565698,-1.037318,-39.566401,-11.684824,1.000146,0.375526
0.562492,-1.026154,-39.620608,-11.714484,0.989235,0.376784
0.560313,-1.013667,-39.672044,-11.742556,0.978871,0.378124
0.559115,-0.999908,-39.720813,-11.769091,0.969062,0.379547
0.558184,-0.985878,-39.766684,-11.793970,0.959851,0.380987
0.557530,-0.971609,-39.809434,-11.817069,0.951281,0.382442
0.557137,-0.957170,-39.848847,-11.838269,0.943395,0.383905
0.556976,-0.942644,-39.884739,-11.857468,0.936228,0.385369
0.557030,-0.928094,-39.916950,-11.874580,0.929812,0.386829
0.557268,-0.913603,-39.945341,-11.889530,0.924171,0.388279
0.557640,-0.899293,-39.969816,-11.902269,0.919324,0.389709
0.560166,-0.882609,-39.990353,-11.912816,0.915224,0.391278
0.562078,-0.867041,-40.006340,-11.920808,0.912009,0.392769
0.554945,-0.881995,-39.656123,-11.778225,0.931972,0.392407
0.552352,-0.880105,-39.525801,-11.727446,0.937656,0.393023
0.547803,-0.880045,-39.412087,-11.683797,0.942409,0.393512
0.544550,-0.878055,-39.304102,-11.642921,0.946717,0.394112
0.541715,-0.875596,-39.196247,-11.602562,0.950852,0.394734
0.539216,-0.872817,-39.087945,-11.562515,0.954810,0.395366
0.536987,-0.869831,-38.978913,-11.522694,0.958571,0.396004
0.534989,-0.866709,-38.868956,-11.483047,0.962113,0.396642
0.533184,-0.863519,-38.757908,-11.443531,0.965422,0.397277
0.531542,-0.860309,-38.645690,-11.404133,0.968477,0.397905
0.530040,-0.857116,-38.532268,-11.364853,0.971264,0.398524
0.528663,-0.853966,-38.417647,-11.325709,0.973768,0.399134
0.527394,-0.850879,-38.301860,-11.286719,0.975977,0.399732
0.526224,-0.847870,-38.184955,-11.247909,0.977881,0.400318
0.525088,-0.844428,-38.072720,-11.206667,0.979385,0.400971
0.524056,-0.840964,-37.960541,-11.164948,0.980519,0.401629
0.523118,-0.837720,-37.846242,-11.123779,0.981317,0.402257
0.522212,-0.834494,-37.732519,-11.082005,0.981756,0.402890
0.521602,-0.831000,-37.620151,-11.041709,0.981694,0.403529
0.521560,-0.826636,-37.513275,-11.004443,0.980904,0.404213
0.521676,-0.821864,-37.410692,-10.967257,0.979616,0.404937
0.523668,-0.814919,-37.307864,-10.930367,0.977966,0.405789
0.526722,-0.806643,-37.206536,-10.893516,0.975938,0.406726
0.525662,-0.804346,-37.099315,-10.854233,0.973983,0.407279
0.524614,-0.802217,-36.989347,-10.813530,0.971958,0.407823
0.523350,-0.800518,-36.875957,-10.770975,0.969926,0.408344
0.522315,-0.798657,-36.759997,-10.726997,0.967849,0.408878
0.521482,-0.796655,-36.642683,-10.682056,0.965677,0.409421
0.520819,-0.794583,-36.523826,-10.636216,0.963437,0.409967
0.520151,-0.792718,-36.403011,-10.589471,0.961166,0.410495
0.519626,-0.790786,-36.281602,-10.542182,0.958815,0.411026
0.519171,-0.788876,-36.159635,-10.494349,0.956402,0.411552
0.518800,-0.786980,-36.036902,-10.445937,0.953960,0.412074
0.518484,-0.785150,-35.913079,-10.396903,0.951524,0.412589
0.518222,-0.783354,-35.788650,-10.347389,0.949090,0.413097
0.518014,-0.781592,-35.663639,-10.297422,0.946674,0.413599
0.517833,-0.779918,-35.537635,-10.246916,0.944315,0.414092
0.517697,-0.778267,-35.411284,-10.196055,0.941994,0.414578
0.517601,-0.776658,-35.284410,-10.144804,0.939736,0.415058
0.517537,-0.775103,-35.156918,-10.093163,0.937558,0.415530
0.517530,-0.773542,-35.029264,-10.041261,0.935448,0.415997
0.517545,-0.772045,-34.900985,-9.989010,0.933442,0.416455
0.517615,-0.770539,-34.772645,-9.936578,0.931519,0.416909
0.517705,-0.769090,-34.643830,-9.883879,0.929711,0.417354
0.517853,-0.767624,-34.514984,-9.831057,0.927999,0.417795
0.518030,-0.766183,-34.386037,-9.778114,0.926395,0.418229
0.518249,-0.764751,-34.256960,-9.725067,0.924904,0.418657
0.518514,-0.763304,-34.128095,-9.672034,0.923512,0.419081
0.518816,-0.761860,-33.999319,-9.618994,0.922228,0.419499
0.519154,-0.760419,-33.870667,-9.565995,0.921052,0.419910
0.519530,-0.758963,-33.742411,-9.513124,0.919970,0.420318
0.519951,-0.757482,-33.614559,-9.460402,0.918983,0.420721
0.520407,-0.755986,-33.487229,-9.407889,0.918083,0.421121
0.520895,-0.754472,-33.360454,-9.355614,0.917266,0.421515
0.521413,-0.752945,-33.234269,-9.303608,0.916530,0.421906
0.521960,-0.751394,-33.108872,-9.251944,0.915861,0.422292
0.522543,-0.749807,-32.984317,-9.200651,0.915253,0.422676
0.523148,-0.748196,-32.860707,-9.149779,0.914697,0.423056
0.523781,-0.746551,-32.738111,-9.099362,0.914187,0.423434
0.524437,-0.744872,-32.616606,-9.049439,0.913713,0.423809
0.525109,-0.743166,-32.496273,-9.000045,0.913268,0.424181
0.525804,-0.741417,-32.377177,-8.951214,0.912843,0.424551
0.526509,-0.739640,-32.259398,-8.902979,0.912430,0.424918
0.527230,-0.737820,-32.142996,-8.855370,0.912022,0.425285
0.527964,-0.735960,-32.028033,-8.808415,0.911611,0.425649
0.528702,-0.734067,-31.914570,-8.762138,0.911189,0.426012
0.529450,-0.732128,-31.802632,-8.716558,0.910751,0.426374
0.530195,-0.730164,-31.692212,-8.671680,0.910292,0.426735
0.530945,-0.728153,-31.583441,-8.627546,0.909803,0.427095
0.531700,-0.726094,-31.476347,-8.584167,0.909277,0.427455
0.532447,-0.724000,-31.370968,-8.541558,0.908710,0.427814
0.533196,-0.721855,-31.267309,-8.499724,0.908097,0.428173
0.533939,-0.719669,-31.165388,-8.458673,0.907435,0.428533
0.534673,-0.717443,-31.065220,-8.418412,0.906720,0.428893
0.535396,-0.715184,-30.966697,-8.378913,0.905955,0.429252
0.536107,-0.712888,-30.869893,-8.340196,0.905134,0.429612
0.536808,-0.710545,-30.774882,-8.302276,0.904251,0.429973
0.537500,-0.708154,-30.681628,-8.265140,0.903305,0.430335
0.538177,-0.705724,-30.590118,-8.228782,0.902297,0.430698
0.538837,-0.703255,-30.500326,-8.193192,0.901225,0.431062
0.539474,-0.700766,-30.412037,-8.158312,0.900101,0.431426
0.540103,-0.698224,-30.325459,-8.124188,0.898911,0.431793
0.540709,-0.695648,-30.240560,-8.090803,0.897658,0.432160
0.541300,-0.693028,-30.157273,-8.058133,0.896343,0.432529
0.541874,-0.690369,-30.075553,-8.026160,0.894969,0.432900
0.542414,-0.687703,-29.995206,-7.994831,0.893546,0.433271
0.542935,-0.685001,-29.916313,-7.964154,0.892070,0.433643
0.543441,-0.682257,-29.838910,-7.934130,0.890538,0.434018
0.543927,-0.679477,-29.762936,-7.904731,0.888953,0.434395
0.544387,-0.676671,-29.688325,-7.875932,0.887319,0.434773
0.544814,-0.673860,-29.614852,-7.847667,0.885649,0.435151
0.545222,-0.671017,-29.542621,-7.819953,0.883936,0.435532
0.545613,-0.668138,-29.471632,-7.792775,0.882181,0.435914
0.545982,-0.665232,-29.401834,-7.766115,0.880388,0.436299
0.546326,-0.662305,-29.333164,-7.739942,0.878558,0.436685
0.546634,-0.659381,-29.265381,-7.714186,0.876706,0.437071
0.546923,-0.656434,-29.198584,-7.688863,0.874826,0.437459
0.547194,-0.653457,-29.132807,-7.663967,0.872917,0.437849
0.547446,-0.650456,-29.067956,-7.639462,0.870983,0.438242
0.547675,-0.647440,-29.003974,-7.615330,0.869029,0.438636
0.547874,-0.644425,-28.940675,-7.591514,0.867063,0.439030
0.548044,-0.641412,-28.878039,-7.567998,0.865087,0.439424
0.548195,-0.638382,-28.816177,-7.544798,0.863095,0.439821
0.548324,-0.635338,-28.755018,-7.521887,0.861091,0.440219
0.548432,-0.632286,-28.694487,-7.499237,0.859078,0.440618
0.548520,-0.629224,-28.634530,-7.476828,0.857059,0.441019
0.548580,-0.626178,-28.574928,-7.454594,0.855046,0.441419
0.548622,-0.623124,-28.515823,-7.432563,0.853029,0.441820
0.548644,-0.620065,-28.457222,-7.410728,0.851009,0.442222
0.548646,-0.617003,-28.399069,-7.389066,0.848988,0.442626
0.548628,-0.613942,-28.341300,-7.367555,0.846970,0.443030
0.548591,-0.610882,-28.283871,-7.346176,0.844955,0.443435
0.548534,-0.607831,-28.226699,-7.324903,0.842948,0.443840
0.548455,-0.604800,-28.169616,-7.303686,0.840957,0.444244
0.548364,-0.601764,-28.112843,-7.282579,0.838970,0.444650
0.548254,-0.598734,-28.056333,-7.261558,0.836987,0.445055
0.548128,-0.595710,-28.000025,-7.240603,0.835013,0.445462
0.547986,-0.592697,-27.943864,-7.219698,0.833049,0.445868
0.547831,-0.589690,-27.887844,-7.198834,0.831096,0.446274
0.547662,-0.586692,-27.831927,-7.177996,0.829153,0.446681
0.547479,-0.583708,-27.776074,-7.157173,0.827223,0.447087
0.547280,-0.580749,-27.720132,-7.136320,0.825312,0.447492
0.547070,-0.577803,-27.664209,-7.115464,0.823415,0.447897
0.546850,-0.574865,-27.608351,-7.094611,0.821528,0.448302
0.546620,-0.571939,-27.552519,-7.073746,0.819653,0.448706
0.546381,-0.569027,-27.496680,-7.052860,0.817791,0.449110
0.546134,-0.566128,-27.440811,-7.031946,0.815943,0.449514
0.545878,-0.563245,-27.384894,-7.010996,0.814108,0.449917
0.545613,-0.560381,-27.328904,-6.990001,0.812289,0.450319
0.545341,-0.557533,-27.272842,-6.968960,0.810483,0.450721
0.545064,-0.554703,-27.216691,-6.947865,0.808693,0.451122
0.544781,-0.551889,-27.160442,-6.926714,0.806916,0.451521
0.544494,-0.549093,-27.104081,-6.905501,0.805155,0.451920
0.544203,-0.546314,-27.047611,-6.884227,0.803409,0.452318
0.543909,-0.543553,-26.991013,-6.862883,0.801677,0.452715
0.543612,-0.540814,-26.934233,-6.841458,0.799963,0.453110
0.543315,-0.538091,-26.877312,-6.819959,0.798264,0.453504
0.543017,-0.535384,-26.820304,-6.798402,0.796577,0.453898
0.542721,-0.532690,-26.763172,-6.776773,0.794905,0.454290
0.542424,-0.530014,-26.705927,-6.755079,0.793245,0.454681
0.542125,-0.527361,-26.648539,-6.733308,0.791601,0.455071
0.541826,-0.524726,-26.591025,-6.711468,0.789970,0.455459
0.541527,-0.522111,-26.533359,-6.689550,0.788355,0.455846
0.541230,-0.519514,-26.475566,-6.667562,0.786753,0.456231
0.540932,-0.516941,-26.417631,-6.645501,0.785166,0.456614
0.540635,-0.514389,-26.359565,-6.623369,0.783593,0.456996
0.540338,-0.511858,-26.301383,-6.601173,0.782034,0.457376
0.540017,-0.509385,-26.243049,-6.578900,0.780490,0.457752
0.539721,-0.506899,-26.184616,-6.556565,0.778958,0.458128
0.539329,-0.504568,-26.126033,-6.534160,0.777443,0.458493
0.538947,-0.502250,-26.067301,-6.511672,0.775943,0.458858
0.538383,-0.500189,-26.008420,-6.489108,0.774460,0.459205
0.537752,-0.498235,-25.949301,-6.466448,0.772997,0.459546
0.537502,-0.495707,-25.890029,-6.443729,0.771552,0.459925
0.538014,-0.492404,-25.831643,-6.421545,0.770049,0.460344
0.539224,-0.487802,-25.772244,-6.398470,0.768645,0.460862
0.533479,-0.493257,-25.710535,-6.376549,0.767270,0.460706
0.541530,-0.479064,-25.659803,-6.354723,0.765477,0.461846
0.532306,-0.489403,-25.593364,-6.330282,0.764397,0.461387
0.542346,-0.472582,-25.543320,-6.309218,0.762583,0.462686
0.531422,-0.485456,-25.472915,-6.283865,0.761735,0.462060
0.542580,-0.467085,-25.424956,-6.263678,0.759821,0.463454
0.530712,-0.481319,-25.353313,-6.237803,0.759061,0.462740
0.542556,-0.461998,-25.306845,-6.218110,0.757084,0.464193
0.530176,-0.476992,-25.234499,-6.191936,0.756384,0.463430
0.542388,-0.457192,-25.188660,-6.172469,0.754392,0.464911
0.529755,-0.472577,-25.116088,-6.146186,0.753727,0.464122
0.542154,-0.452561,-25.070485,-6.126800,0.751744,0.465615
0.529442,-0.468094,-24.997918,-6.100510,0.751100,0.464812
0.541880,-0.448066,-24.952416,-6.081148,0.749134,0.466304
0.529218,-0.463573,-24.879978,-6.054912,0.748506,0.465494
0.541650,-0.443596,-24.834544,-6.035565,0.746559,0.466977
0.529017,-0.459089,-24.762482,-6.009444,0.745933,0.466163
0.541456,-0.439148,-24.717069,-5.990088,0.744009,0.467638
0.528880,-0.454585,-24.645460,-5.964106,0.743384,0.466824
0.541585,-0.434308,-24.600317,-5.944813,0.741462,0.468302
0.529165,-0.449554,-24.529209,-5.919009,0.740829,0.467482
0.541536,-0.429889,-24.484283,-5.899668,0.738926,0.468721
0.529169,-0.445177,-24.413320,-5.873936,0.738311,0.467766
0.541517,-0.425631,-24.368324,-5.854605,0.736433,0.468906
0.529230,-0.440865,-24.297814,-5.829048,0.735816,0.467866
0.541573,-0.421399,-24.252884,-5.809758,0.733958,0.468913
0.529371,-0.436569,-24.182875,-5.784391,0.733336,0.467789
0.541700,-0.417186,-24.138068,-5.765162,0.731496,0.468744
0.529570,-0.432299,-24.068578,-5.739991,0.730871,0.467539
0.541876,-0.413005,-24.023933,-5.720837,0.729048,0.468407
0.529806,-0.428069,-23.954973,-5.695867,0.728420,0.467124
0.542081,-0.408866,-23.910511,-5.676798,0.726614,0.467908
0.530063,-0.423886,-23.842101,-5.652038,0.725983,0.466553
0.542296,-0.404779,-23.797831,-5.633060,0.724195,0.467259
0.530327,-0.419749,-23.729970,-5.608511,0.723562,0.465838
0.542509,-0.400743,-23.685924,-5.589634,0.721791,0.466472
0.530592,-0.415655,-23.618618,-5.565300,0.721157,0.464991
0.542713,-0.396755,-23.574805,-5.546528,0.719403,0.465559
0.530847,-0.411601,-23.508071,-5.522416,0.718767,0.464026
0.542900,-0.392809,-23.464490,-5.503749,0.717030,0.464534
0.531075,-0.407594,-23.398361,-5.479871,0.716391,0.462955
0.543052,-0.388915,-23.355008,-5.461310,0.714672,0.463410
0.531283,-0.403615,-23.289476,-5.437663,0.714030,0.461792
0.543176,-0.385055,-23.246357,-5.419210,0.712329,0.462200
0.531464,-0.399662,-23.181440,-5.395801,0.711683,0.460552
0.543268,-0.381223,-23.138545,-5.377453,0.710000,0.460918
0.531605,-0.395740,-23.074273,-5.354292,0.709348,0.459245
0.543313,-0.377429,-23.031591,-5.336046,0.707683,0.459576
0.531718,-0.391828,-22.967954,-5.313131,0.707026,0.457885
0.543322,-0.373649,-22.925491,-5.294986,0.705379,0.458187
0.531795,-0.387929,-22.862517,-5.272325,0.704714,0.456484
0.543294,-0.369883,-22.820245,-5.254273,0.703085,0.456762
0.531831,-0.384047,-22.757843,-5.231841,0.702416,0.455053
0.543222,-0.366128,-22.715904,-5.213919,0.700798,0.455312
0.531837,-0.380162,-22.654018,-5.191700,0.700127,0.453602
0.543116,-0.362376,-22.612394,-5.173902,0.698520,0.453847
0.531808,-0.376276,-22.551084,-5.151914,0.697844,0.452141
0.542973,-0.358631,-22.509622,-5.134196,0.696255,0.452376
0.531746,-0.372383,-22.449049,-5.112484,0.695565,0.450679
0.542787,-0.354894,-22.407720,-5.094836,0.693994,0.450907
0.531657,-0.368477,-22.347862,-5.073392,0.693291,0.449224
0.542572,-0.351149,-22.306645,-5.055805,0.691740,0.449447
0.531542,-0.364560,-22.247500,-5.034632,0.691022,0.447782
0.542328,-0.347399,-22.206369,-5.017093,0.689491,0.448005
0.531401,-0.360635,-22.147949,-4.996194,0.688757,0.446360
0.542057,-0.343644,-22.106865,-4.978691,0.687248,0.446584
0.531235,-0.356701,-22.049185,-4.958071,0.686497,0.444962
0.541761,-0.339886,-22.008115,-4.940592,0.685011,0.445189
0.531052,-0.352757,-21.951174,-4.920248,0.684243,0.443593
0.541439,-0.336128,-21.910096,-4.902786,0.682780,0.443824
0.530854,-0.348801,-21.853894,-4.882719,0.681994,0.442257
0.541102,-0.332365,-21.812798,-4.865265,0.680555,0.442494
0.530645,-0.344835,-21.757336,-4.845473,0.679749,0.440956
0.540751,-0.328598,-21.716193,-4.828017,0.678335,0.441199
0.530427,-0.340861,-21.661471,-4.808501,0.677511,0.439692
0.540389,-0.324829,-21.620255,-4.791033,0.676122,0.439942
0.530204,-0.336881,-21.566276,-4.771794,0.675278,0.438467
0.540021,-0.321059,-21.524963,-4.754303,0.673916,0.438724
0.529978,-0.332898,-21.471729,-4.735340,0.673052,0.437282
0.539647,-0.317293,-21.430293,-4.717817,0.671718,0.437545
0.529752,-0.328913,-21.377806,-4.699132,0.670833,0.436136
0.539272,-0.313531,-21.336220,-4.681565,0.669528,0.436405
0.529530,-0.324927,-21.284470,-4.663153,0.668622,0.435029
0.538896,-0.309777,-21.242757,-4.645546,0.667345,0.435304
0.529316,-0.320950,-21.191584,-4.627362,0.666427,0.433961
0.538527,-0.306024,-21.149923,-4.609761,0.665168,0.434242
0.529107,-0.316979,-21.099296,-4.591797,0.664238,0.432930
0.538166,-0.302287,-21.057511,-4.574151,0.663007,0.433216
0.528906,-0.313016,-21.007631,-4.556465,0.662055,0.431936
0.537814,-0.298560,-20.965647,-4.538749,0.660855,0.432225
0.528717,-0.309062,-20.916521,-4.521345,0.659881,0.430976
0.537475,-0.294845,-20.874308,-4.503546,0.658713,0.431269
0.528541,-0.305122,-20.825921,-4.486423,0.657717,0.430050
0.537141,-0.291155,-20.783493,-4.468540,0.656581,0.430343
0.528382,-0.301195,-20.735818,-4.451692,0.655565,0.429154
0.536820,-0.287485,-20.693170,-4.433720,0.654460,0.429447
0.528231,-0.297294,-20.646212,-4.417149,0.653423,0.428286
0.536517,-0.283831,-20.603310,-4.399076,0.652352,0.428579
0.528100,-0.293410,-20.557066,-4.382783,0.651294,0.427445
0.536225,-0.280205,-20.513927,-4.364612,0.650255,0.427736
0.527989,-0.289542,-20.468364,-4.348587,0.649179,0.426628
0.535946,-0.276605,-20.425010,-4.330323,0.648170,0.426915
0.527889,-0.285707,-20.380115,-4.314563,0.647075,0.425833
0.535688,-0.273026,-20.336522,-4.296198,0.646099,0.426116
0.527811,-0.281892,-20.292277,-4.280700,0.644987,0.425058
0.535439,-0.269482,-20.248509,-4.262249,0.644039,0.425335
0.527752,-0.278100,-20.204861,-4.246996,0.642912,0.424301
0.535207,-0.265961,-20.160945,-4.228467,0.641990,0.424571
0.527710,-0.274337,-20.117855,-4.213448,0.640851,0.423559
0.534991,-0.262470,-20.073827,-4.194853,0.639953,0.423821
0.527694,-0.270591,-20.031226,-4.180046,0.638807,0.422831
0.534780,-0.259017,-19.987178,-4.161412,0.637927,0.423083
0.527687,-0.266884,-19.944994,-4.146794,0.636776,0.422114
0.534586,-0.255588,-19.900967,-4.128138,0.635912,0.422356
0.527679,-0.263235,-19.859103,-4.113672,0.634764,0.421405
0.534404,-0.252187,-19.815247,-4.095043,0.633906,0.421639
0.527535,-0.259830,-19.773486,-4.080663,0.632773,0.420691
0.534337,-0.248673,-19.729973,-4.062097,0.631911,0.420938
0.526969,-0.257041,-19.688120,-4.047786,0.630802,0.419946
0.534561,-0.244817,-19.645080,-4.029274,0.629931,0.420266
0.526052,-0.254713,-19.603055,-4.015073,0.628849,0.419181
0.534991,-0.240751,-19.560521,-3.996654,0.627965,0.419613
0.526087,-0.251031,-19.518740,-3.982560,0.626892,0.418514
0.534406,-0.238126,-19.476405,-3.964597,0.625998,0.418872
0.528887,-0.243757,-19.435623,-3.950056,0.624917,0.418079
0.531427,-0.238706,-19.393443,-3.933368,0.623986,0.417938
0.530857,-0.237637,-19.354151,-3.917603,0.622897,0.417566
0.530948,-0.235900,-19.311372,-3.901181,0.622003,0.417225
0.530872,-0.234372,-19.269210,-3.885043,0.621080,0.416873
0.530818,-0.232800,-19.227560,-3.869035,0.620138,0.416524
0.530729,-0.231265,-19.186319,-3.853127,0.619182,0.416175
0.530616,-0.229767,-19.145214,-3.837268,0.618228,0.415824
0.530480,-0.228312,-19.104196,-3.821450,0.617277,0.415471
0.530311,-0.226909,-19.063286,-3.805675,0.616328,0.415115
0.530093,-0.225582,-19.022489,-3.789944,0.615382,0.414754
0.529795,-0.224373,-18.981806,-3.774256,0.614439,0.414386
0.529370,-0.223351,-18.941220,-3.758606,0.613498,0.414005
0.528728,-0.222644,-18.900705,-3.742990,0.612562,0.413604
0.527672,-0.222529,-18.860238,-3.727405,0.611630,0.413164
0.525730,-0.223677,-18.819760,-3.711840,0.610707,0.412640
0.521526,-0.228037,-18.779110,-3.696274,0.609798,0.411902
0.509595,-0.243338,-18.737721,-3.680627,0.608927,0.410439
0.452801,-0.321980,-18.692644,-3.664520,0.608206,0.404784
0.848005,0.233201,-18.649751,-3.647066,0.607798,0.440761
0.201013,-0.669220,-18.718300,-3.644175,0.601729,0.381506
0.585636,-0.141745,-18.343753,-3.587530,0.616241,0.413546
0.521828,-0.201360,-18.663036,-3.631642,0.597667,0.411388
0.556248,-0.159046,-18.533674,-3.591238,0.601830,0.413272
0.551645,-0.165526,-18.473593,-3.573950,0.601978,0.412335
0.550373,-0.167322,-18.417697,-3.556175,0.601939,0.411689
0.546504,-0.171426,-18.381558,-3.542299,0.600844,0.410965
0.543269,-0.174609,-18.345220,-3.527991,0.599781,0.410306
0.540455,-0.177250,-18.307425,-3.513373,0.598808,0.409684
0.538176,-0.179174,-18.268790,-3.498585,0.597890,0.409108
0.536309,-0.180505,-18.230221,-3.483801,0.596980,0.408573
0.534795,-0.181326,-18.191767,-3.469022,0.596073,0.408074
0.533571,-0.181732,-18.153369,-3.454244,0.595173,0.407604
0.532588,-0.181797,-18.114993,-3.439468,0.594281,0.407158
0.531794,-0.181590,-18.076691,-3.424711,0.593395,0.406732
0.531163,-0.181153,-18.038439,-3.409968,0.592514,0.406321
0.530655,-0.180537,-18.000296,-3.395257,0.591637,0.405924
0.530249,-0.179776,-17.962229,-3.380572,0.590763,0.405538
0.529930,-0.178892,-17.924234,-3.365914,0.589894,0.405160
0.529677,-0.177912,-17.886337,-3.351290,0.589028,0.404790
0.529473,-0.176859,-17.848552,-3.336706,0.588163,0.404426
0.529317,-0.175738,-17.810851,-3.322153,0.587302,0.404068
0.529198,-0.174561,-17.773248,-3.307637,0.586444,0.403713
0.529107,-0.173343,-17.735754,-3.293161,0.585587,0.403363
0.529035,-0.172094,-17.698373,-3.278727,0.584731,0.403015
0.528985,-0.170811,-17.661083,-3.264329,0.583879,0.402671
0.528953,-0.169503,-17.623885,-3.249967,0.583028,0.402329
0.528934,-0.168171,-17.586793,-3.235644,0.582180,0.401989
0.528923,-0.166825,-17.549818,-3.221365,0.581333,0.401652
0.528918,-0.165466,-17.512950,-3.207127,0.580487,0.401315
0.528922,-0.164093,-17.476176,-3.192926,0.579643,0.400981
0.528932,-0.162707,-17.439501,-3.178763,0.578802,0.400648
0.528949,-0.161311,-17.402862,-3.164616,0.577965,0.400317
0.528971,-0.159904,-17.366330,-3.150510,0.577131,0.399987
0.528991,-0.158495,-17.329940,-3.136455,0.576295,0.399658
0.529011,-0.157083,-17.293662,-3.122442,0.575461,0.399330
0.529033,-0.155665,-17.257482,-3.108469,0.574629,0.399003
0.529056,-0.154241,-17.221403,-3.094535,0.573798,0.398677
0.529080,-0.152814,-17.185426,-3.080641,0.572969,0.398352
0.529105,-0.151384,-17.149550,-3.066785,0.572142,0.398028
0.529129,-0.149951,-17.113770,-3.052968,0.571316,0.397705
0.529150,-0.148520,-17.078094,-3.039191,0.570493,0.397382
0.529167,-0.147090,-17.042527,-3.025456,0.569670,0.397060
0.529185,-0.145659,-17.007053,-3.011756,0.568850,0.396739
0.529202,-0.144226,-16.971673,-2.998094,0.568031,0.396419
0.529217,-0.142793,-16.936388,-2.984468,0.567215,0.396100
0.529232,-0.141360,-16.901197,-2.970878,0.566401,0.395781
0.529245,-0.139927,-16.866100,-2.957325,0.565588,0.395463
0.529257,-0.138495,-16.831097,-2.943808,0.564778,0.395146
0.529266,-0.137064,-16.796187,-2.930326,0.563970,0.394829
0.529271,-0.135639,-16.761378,-2.916884,0.563163,0.394513
0.529273,-0.134217,-16.726663,-2.903478,0.562358,0.394198
0.529273,-0.132796,-16.692033,-2.890105,0.561555,0.393883
0.529272,-0.131377,-16.657493,-2.876768,0.560755,0.393568
0.529269,-0.129959,-16.623043,-2.863464,0.559956,0.393255
0.529265,-0.128545,-16.588678,-2.850195,0.559160,0.392942
0.529259,-0.127132,-16.554400,-2.836959,0.558366,0.392629
0.529251,-0.125723,-16.520216,-2.823759,0.557574,0.392318
0.529242,-0.124316,-16.486123,-2.810593,0.556783,0.392007
0.529230,-0.122912,-16.452117,-2.797461,0.555995,0.391696
0.529214,-0.121515,-16.418208,-2.784366,0.555208,0.391386
0.529196,-0.120123,-16.384384,-2.771303,0.554423,0.391077
0.529176,-0.118733,-16.350642,-2.758273,0.553641,0.390768
0.529156,-0.117347,-16.316985,-2.745275,0.552861,0.390459
0.529135,-0.115963,-16.283411,-2.732310,0.552082,0.390152
0.529113,-0.114582,-16.249922,-2.719377,0.551306,0.389845
0.529089,-0.113205,-16.216516,-2.706477,0.550532,0.389538
0.529065,-0.111831,-16.183194,-2.693608,0.549760,0.389233
0.529040,-0.110461,-16.149956,-2.680772,0.548990,0.388928
0.529014,-0.109094,-16.116801,-2.667968,0.548221,0.388623
0.528983,-0.107736,-16.083742,-2.655200,0.547454,0.388319
0.528952,-0.106382,-16.050755,-2.642462,0.546690,0.388016
0.528920,-0.105031,-16.017851,-2.629755,0.545928,0.387713
0.528889,-0.103682,-15.985031,-2.617080,0.545167,0.387411
0.528857,-0.102337,-15.952291,-2.604436,0.544409,0.387110
0.528826,-0.100994,-15.919631,-2.591822,0.543652,0.386809
0.528794,-0.099655,-15.887050,-2.579239,0.542898,0.386509
0.528763,-0.098320,-15.854550,-2.566687,0.542145,0.386210
0.528731,-0.096988,-15.822129,-2.554166,0.541395,0.385911
0.528696,-0.095663,-15.789800,-2.541679,0.540645,0.385613
0.528660,-0.094344,-15.757550,-2.529223,0.539898,0.385315
0.528624,-0.093027,-15.725373,-2.516796,0.539153,0.385019
0.528590,-0.091713,-15.693273,-2.504398,0.538410,0.384723
0.528556,-0.090402,-15.661250,-2.492030,0.537669,0.384427
0.528523,-0.089093,-15.629304,-2.479691,0.536930,0.384133
0.528490,-0.087788,-15.597436,-2.467383,0.536192,0.383839
0.528458,-0.086486,-15.565641,-2.455103,0.535458,0.383546
0.528426,-0.085188,-15.533926,-2.442854,0.534724,0.383253
0.528389,-0.083899,-15.502310,-2.430642,0.533992,0.382961
0.528354,-0.082611,-15.470761,-2.418456,0.533262,0.382670
0.528320,-0.081326,-15.439286,-2.406299,0.532534,0.382380
0.528288,-0.080044,-15.407885,-2.394171,0.531808,0.382090
0.528257,-0.078764,-15.376559,-2.382070,0.531084,0.381801
0.528224,-0.077490,-15.345280,-2.369989,0.530363,0.381513
0.528188,-0.076226,-15.314010,-2.357913,0.529648,0.381224
0.528156,-0.074959,-15.282862,-2.345881,0.528932,0.380937
0.528117,-0.073703,-15.251846,-2.333897,0.528215,0.380651
0.528082,-0.072447,-15.220891,-2.321938,0.527500,0.380365
0.528049,-0.071193,-15.190014,-2.310010,0.526787,0.380080
0.528015,-0.069943,-15.159213,-2.298112,0.526075,0.379796
0.527986,-0.068690,-15.128495,-2.286244,0.525365,0.379512
0.527957,-0.067442,-15.097847,-2.274404,0.524657,0.379230
0.527931,-0.066194,-15.067267,-2.262591,0.523951,0.378948
0.527902,-0.064953,-15.036776,-2.250814,0.523246,0.378666
0.527873,-0.063716,-15.006377,-2.239071,0.522542,0.378386
0.527846,-0.062481,-14.976044,-2.227354,0.521841,0.378106
0.527820,-0.061246,-14.945779,-2.215663,0.521141,0.377827
0.527796,-0.060014,-14.915585,-2.203999,0.520443,0.377549
0.527773,-0.058783,-14.885462,-2.192363,0.519747,0.377271
0.527752,-0.057555,-14.855411,-2.180754,0.519053,0.376994
0.527731,-0.056329,-14.825431,-2.169172,0.518361,0.376718
0.527705,-0.055113,-14.795563,-2.157634,0.517668,0.376442
0.527681,-0.053898,-14.765745,-2.146116,0.516978,0.376167
0.527659,-0.052685,-14.735992,-2.134623,0.516291,0.375893
0.527638,-0.051473,-14.706308,-2.123156,0.515605,0.375620
0.527618,-0.050264,-14.676692,-2.111715,0.514922,0.375347
0.527598,-0.049056,-14.647145,-2.100301,0.514240,0.375075
0.527580,-0.047852,-14.617668,-2.088914,0.513560,0.374803
0.527559,-0.046653,-14.588288,-2.077564,0.512880,0.374533
0.527537,-0.045459,-14.558982,-2.066244,0.512202,0.374262
0.527516,-0.044266,-14.529738,-2.054947,0.511526,0.373993
0.527497,-0.043076,-14.500557,-2.043675,0.510852,0.373724
0.527478,-0.041887,-14.471440,-2.032426,0.510180,0.373456
0.527460,-0.040701,-14.442389,-2.021203,0.509510,0.373188
0.527442,-0.039518,-14.413404,-2.010006,0.508842,0.372921
0.527425,-0.038337,-14.384493,-1.998837,0.508175,0.372655
0.527407,-0.037160,-14.355701,-1.987715,0.507507,0.372389
0.527387,-0.035988,-14.326960,-1.976613,0.506841,0.372124
0.527369,-0.034816,-14.298269,-1.965530,0.506178,0.371859
0.527351,-0.033648,-14.269642,-1.954472,0.505518,0.371596
0.527334,-0.032482,-14.241078,-1.943437,0.504859,0.371332
0.527317,-0.031319,-14.212578,-1.932426,0.504202,0.371070
0.527299,-0.030159,-14.184143,-1.921440,0.503547,0.370808
0.527287,-0.028994,-14.155813,-1.910497,0.502891,0.370547
0.527275,-0.027831,-14.127586,-1.899594,0.502235,0.370287
0.527261,-0.026674,-14.099401,-1.888707,0.501581,0.370027
0.527247,-0.025520,-14.071258,-1.877836,0.500931,0.369767
0.527232,-0.024372,-14.043168,-1.866986,0.500284,0.369508
0.527216,-0.023227,-14.015143,-1.856160,0.499638,0.369250
0.527198,-0.022086,-13.987185,-1.845358,0.498994,0.368992
0.527180,-0.020949,-13.959289,-1.834579,0.498352,0.368735
0.527215,-0.019742,-13.931552,-1.823869,0.497704,0.368483
0.527222,-0.018570,-13.903970,-1.813211,0.497054,0.368229
0.527230,-0.017405,-13.876322,-1.802534,0.496413,0.367976
0.527233,-0.016251,-13.848721,-1.791875,0.495775,0.367723
0.527228,-0.015109,-13.821181,-1.781236,0.495139,0.367469
0.527217,-0.013977,-13.793695,-1.770617,0.494506,0.367216
0.527202,-0.012854,-13.766262,-1.760017,0.493874,0.366963
0.527354,-0.011506,-13.738999,-1.749488,0.493238,0.366725
0.527674,-0.009919,-13.712245,-1.739143,0.492576,0.366504
0.527939,-0.008403,-13.685662,-1.728862,0.491911,0.366280
0.528128,-0.007008,-13.658708,-1.718468,0.491273,0.366048
0.528264,-0.005694,-13.631634,-1.708035,0.490648,0.365810
0.528893,-0.003712,-13.604840,-1.697684,0.490014,0.365617
0.532734,0.002663,-13.580207,-1.688035,0.489264,0.365711
0.552065,0.029583,-13.561312,-1.679524,0.488265,0.367134
0.332633,-0.286829,-13.485190,-1.645759,0.490980,0.345693
0.633179,0.135139,-13.323578,-1.629841,0.495214,0.372122
0.320132,-0.284151,-13.633837,-1.667285,0.478903,0.345897
0.658734,0.180583,-13.267181,-1.604464,0.494586,0.374579
0.315514,-0.283364,-13.596308,-1.648996,0.477012,0.345495
0.688920,0.228594,-13.213554,-1.583529,0.493429,0.377044
0.314408,-0.278995,-13.555239,-1.628833,0.475320,0.345262
0.711282,0.264722,-13.161305,-1.561365,0.492279,0.378747
0.315506,-0.272809,-13.506955,-1.607288,0.473987,0.345075
0.727783,0.291892,-13.109014,-1.539159,0.491115,0.379848
0.317637,-0.265896,-13.455229,-1.585190,0.472817,0.344886
0.739600,0.312054,-13.056810,-1.517035,0.489938,0.380478
0.320079,-0.258948,-13.401952,-1.562978,0.471716,0.344666
0.747707,0.326773,-13.004870,-1.495095,0.488743,0.380742
0.322393,-0.252393,-13.347909,-1.540829,0.470649,0.344397
0.752910,0.337308,-12.953280,-1.473388,0.487531,0.380726
0.324345,-0.246449,-13.293512,-1.518830,0.469601,0.344073
0.755877,0.344669,-12.902069,-1.451932,0.486306,0.380498
0.325839,-0.241184,-13.239022,-1.497021,0.468562,0.343696
0.757151,0.349658,-12.851232,-1.430728,0.485070,0.380114
0.326866,-0.236575,-13.184608,-1.475421,0.467529,0.343271
0.757168,0.352905,-12.800747,-1.409765,0.483827,0.379615
0.327468,-0.232548,-13.130394,-1.454035,0.466497,0.342807
0.756273,0.354899,-12.750586,-1.389027,0.482582,0.379037
0.327711,-0.229005,-13.076450,-1.432861,0.465466,0.342312
0.754742,0.356024,-12.700721,-1.368496,0.481338,0.378404
0.327662,-0.225866,-13.022630,-1.411835,0.464444,0.341794
0.752789,0.356574,-12.651184,-1.348181,0.480095,0.377738
0.327397,-0.223020,-12.969113,-1.390994,0.463425,0.341260
0.750574,0.356765,-12.601958,-1.328070,0.478855,0.377053
0.326988,-0.220367,-12.916027,-1.370364,0.462402,0.340720
0.748221,0.356763,-12.553007,-1.308139,0.477620,0.376360
0.326497,-0.217829,-12.863368,-1.349932,0.461376,0.340178
0.745815,0.356677,-12.504314,-1.288373,0.476392,0.375668
0.325975,-0.215344,-12.811129,-1.329686,0.460348,0.339639
0.743426,0.356598,-12.455866,-1.268761,0.475172,0.374983
0.325458,-0.212866,-12.759267,-1.309611,0.459321,0.339106
0.741103,0.356588,-12.407663,-1.249299,0.473960,0.374308
0.324979,-0.210355,-12.707801,-1.289703,0.458293,0.338582
0.738873,0.356683,-12.359709,-1.229982,0.472755,0.373647
0.324560,-0.207785,-12.656700,-1.269953,0.457266,0.338070
0.736764,0.356917,-12.311995,-1.210802,0.471557,0.373001
0.324216,-0.205136,-12.605971,-1.250358,0.456239,0.337569
0.734786,0.357301,-12.264520,-1.191756,0.470366,0.372371
0.323950,-0.202415,-12.555417,-1.230858,0.455222,0.337079
0.732947,0.357851,-12.217330,-1.172861,0.469179,0.371758
0.323770,-0.199604,-12.505187,-1.211496,0.454206,0.336601
0.731252,0.358570,-12.170414,-1.154109,0.467996,0.371162
0.323682,-0.196690,-12.455355,-1.192292,0.453187,0.336136
0.729694,0.359449,-12.123750,-1.135488,0.466818,0.370583
0.323685,-0.193677,-12.405869,-1.173231,0.452168,0.335684
0.728267,0.360480,-12.077332,-1.116992,0.465645,0.370018
0.323777,-0.190569,-12.356710,-1.154306,0.451150,0.335243
0.726967,0.361658,-12.031145,-1.098615,0.464477,0.369468
0.323951,-0.187372,-12.307875,-1.135511,0.450132,0.334813
0.725782,0.362966,-11.985193,-1.080354,0.463314,0.368932
0.324201,-0.184096,-12.259333,-1.116838,0.449116,0.334394
0.724707,0.364399,-11.939454,-1.062200,0.462157,0.368408
0.324514,-0.180761,-12.211037,-1.098282,0.448103,0.333983
0.723737,0.365949,-11.893924,-1.044152,0.461006,0.367897
0.324887,-0.177367,-12.163025,-1.079848,0.447092,0.333580
0.722854,0.367597,-11.848632,-1.026220,0.459859,0.367396
0.325310,-0.173928,-12.115231,-1.061518,0.446086,0.333184
0.722055,0.369337,-11.803555,-1.008395,0.458716,0.366905
0.325777,-0.170449,-12.067686,-1.043298,0.445082,0.332795
0.721324,0.371149,-11.758674,-0.990670,0.457579,0.366422
0.326286,-0.166933,-12.020411,-1.025187,0.444081,0.332412
0.720645,0.373010,-11.713986,-0.973040,0.456448,0.365946
0.326832,-0.163386,-11.973390,-1.007180,0.443082,0.332034
0.720013,0.374916,-11.669480,-0.955501,0.455323,0.365476
0.327401,-0.159831,-11.926442,-0.989219,0.442094,0.331660
0.719426,0.376864,-11.625196,-0.938070,0.454201,0.365012
0.327992,-0.156265,-11.879719,-0.971351,0.441109,0.331291
0.718865,0.378830,-11.581130,-0.920744,0.453083,0.364552
0.328604,-0.152685,-11.833267,-0.953593,0.440126,0.330925
0.718330,0.380813,-11.537257,-0.903511,0.451970,0.364097
0.329233,-0.149100,-11.787062,-0.935937,0.439145,0.330562
0.717813,0.382803,-11.493569,-0.886366,0.450863,0.363644
0.329874,-0.145514,-11.741090,-0.918376,0.438166,0.330203
0.717303,0.384785,-11.450060,-0.869308,0.449761,0.363194
0.330525,-0.141930,-11.695342,-0.900908,0.437191,0.329846
0.716801,0.386760,-11.406720,-0.852330,0.448666,0.362746
0.331183,-0.138353,-11.649816,-0.883530,0.436219,0.329491
0.716298,0.388715,-11.363550,-0.835432,0.447577,0.362299
0.331846,-0.134786,-11.604504,-0.866238,0.435250,0.329139
0.715790,0.390646,-11.320546,-0.818613,0.446494,0.361853
0.332512,-0.131230,-11.559399,-0.849032,0.434286,0.328788
0.715278,0.392554,-11.277703,-0.801869,0.445417,0.361409
0.333179,-0.127689,-11.514503,-0.831910,0.433325,0.328439
0.714752,0.394427,-11.235027,-0.785202,0.444346,0.360964
0.333847,-0.124164,-11.469807,-0.814870,0.432368,0.328092
0.714218,0.396269,-11.192513,-0.768611,0.443281,0.360521
0.334514,-0.120656,-11.425313,-0.797912,0.431415,0.327746
0.713673,0.398080,-11.150162,-0.752093,0.442222,0.360077
0.335177,-0.117169,-11.381019,-0.781035,0.430466,0.327401
0.713111,0.399850,-11.107978,-0.735652,0.441169,0.359634
0.335839,-0.113701,-11.336917,-0.764238,0.429520,0.327057
0.712538,0.401588,-11.065955,-0.719284,0.440122,0.359191
0.336498,-0.110253,-11.293014,-0.747520,0.428579,0.326715
0.711951,0.403289,-11.024097,-0.702989,0.439080,0.358748
0.337154,-0.106825,-11.249307,-0.730882,0.427641,0.326374
0.711348,0.404952,-10.982405,-0.686769,0.438043,0.358305
0.337808,-0.103418,-11.205791,-0.714322,0.426707,0.326034
0.710736,0.406584,-10.940876,-0.670621,0.437012,0.357863
0.338458,-0.100031,-11.162471,-0.697839,0.425777,0.325696
0.710106,0.408176,-10.899516,-0.654548,0.435986,0.357420
0.339105,-0.096665,-11.119328,-0.681431,0.424851,0.325358
0.709467,0.409738,-10.858322,-0.638547,0.434965,0.356978
0.339745,-0.093331,-11.076143,-0.665020,0.423942,0.325022
0.708823,0.411277,-10.817360,-0.622649,0.433945,0.356538
0.340383,-0.090013,-11.033225,-0.648712,0.423032,0.324686
0.708165,0.412781,-10.776596,-0.606836,0.432928,0.356097
0.341019,-0.086714,-10.990513,-0.632489,0.422125,0.324352
0.707503,0.414263,-10.736016,-0.591104,0.431915,0.355658
0.341652,-0.083435,-10.948009,-0.616351,0.421220,0.324019
0.706829,0.415714,-10.695616,-0.575449,0.430907,0.355219
0.342283,-0.080175,-10.905699,-0.600291,0.420319,0.323688
0.706151,0.417143,-10.655385,-0.559867,0.429903,0.354781
0.342912,-0.076932,-10.863586,-0.584310,0.419422,0.323358
0.705469,0.418549,-10.615321,-0.544357,0.428904,0.354344
0.343540,-0.073708,-10.821665,-0.568405,0.418527,0.323030
0.704779,0.419929,-10.575424,-0.528919,0.427910,0.353909
0.344167,-0.070502,-10.779929,-0.552574,0.417637,0.322703
0.704089,0.421293,-10.535687,-0.513548,0.426921,0.353474
0.344794,-0.067313,-10.738382,-0.536817,0.416750,0.322377
0.703393,0.422630,-10.496117,-0.498248,0.425937,0.353041
0.345420,-0.064141,-10.697014,-0.521132,0.415866,0.322053
0.702696,0.423952,-10.456706,-0.483015,0.424957,0.352609
0.346045,-0.060985,-10.655831,-0.505519,0.414987,0.321730
0.701999,0.425256,-10.417455,-0.467849,0.423983,0.352179
0.346671,-0.057847,-10.614830,-0.489978,0.414110,0.321409
0.701296,0.426537,-10.378367,-0.452752,0.423013,0.351750
0.347296,-0.054725,-10.574006,-0.474507,0.413238,0.321090
0.700598,0.427807,-10.339434,-0.437720,0.422048,0.351322
0.347922,-0.051619,-10.533366,-0.459108,0.412368,0.320771
0.699893,0.429054,-10.300665,-0.422756,0.421087,0.350895
0.348548,-0.048528,-10.492899,-0.443777,0.411503,0.320455
0.699192,0.430288,-10.262052,-0.407856,0.420131,0.350471
0.349175,-0.045453,-10.452612,-0.428517,0.410641,0.320140
0.698491,0.431507,-10.223597,-0.393023,0.419179,0.350047
0.349801,-0.042395,-10.412500,-0.413325,0.409782,0.319826
0.697788,0.432708,-10.185303,-0.378255,0.418232,0.349625
0.350427,-0.039353,-10.372558,-0.398200,0.408927,0.319514
0.697091,0.433901,-10.147164,-0.363551,0.417289,0.349206
0.351052,-0.036328,-10.332794,-0.383145,0.408074,0.319204
0.696390,0.435073,-10.109188,-0.348914,0.416350,0.348787
0.351678,-0.033319,-10.293195,-0.368155,0.407226,0.318894
0.695694,0.436238,-10.071365,-0.334340,0.415415,0.348370
0.352302,-0.030326,-10.253771,-0.353233,0.406381,0.318587
0.694999,0.437387,-10.033700,-0.319830,0.414485,0.347955
0.352927,-0.027350,-10.214516,-0.338377,0.405540,0.318280
0.694304,0.438523,-9.996191,-0.305384,0.413559,0.347541
0.353551,-0.024389,-10.175430,-0.323587,0.404701,0.317975
0.693616,0.439652,-9.958832,-0.290999,0.412637,0.347129
0.354173,-0.021446,-10.136517,-0.308864,0.403866,0.317671
0.692923,0.440761,-9.921633,-0.276679,0.411719,0.346718
0.354795,-0.018520,-10.097762,-0.294204,0.403035,0.317369
0.692238,0.441866,-9.884581,-0.262419,0.410806,0.346309
0.355415,-0.015610,-10.059177,-0.279611,0.402207,0.317068
0.691553,0.442956,-9.847687,-0.248223,0.409896,0.345902
0.356038,-0.012714,-10.020498,-0.264991,0.401397,0.316768
0.690871,0.444036,-9.811020,-0.234121,0.408985,0.345497
0.356662,-0.009828,-9.982051,-0.250461,0.400586,0.316470
0.690189,0.445102,-9.774540,-0.220097,0.408076,0.345092
0.357286,-0.006957,-9.943787,-0.236006,0.399777,0.316174
0.689499,0.446144,-9.738245,-0.206149,0.407170,0.344689
0.357920,-0.004087,-9.905709,-0.221616,0.398970,0.315880
0.688801,0.447164,-9.702157,-0.192285,0.406263,0.344286
0.358576,-0.001199,-9.867896,-0.207297,0.398162,0.315589
0.688080,0.448140,-9.666258,-0.178493,0.405359,0.343883
0.359248,0.001694,-9.830272,-0.193029,0.397357,0.315301
0.687353,0.449091,-9.630456,-0.164734,0.404462,0.343481
0.359924,0.004573,-9.792730,-0.178796,0.396559,0.315015
0.686623,0.450020,-9.594792,-0.151027,0.403570,0.343080
0.360603,0.007441,-9.755326,-0.164613,0.395766,0.314730
0.685886,0.450924,-9.559273,-0.137374,0.402681,0.342679
0.361286,0.010295,-9.718053,-0.150480,0.394977,0.314447
0.685150,0.451814,-9.523897,-0.123775,0.401796,0.342280
0.361970,0.013135,-9.680926,-0.136400,0.394192,0.314165
0.684405,0.452679,-9.488679,-0.110236,0.400915,0.341882
0.362655,0.015959,-9.643928,-0.122372,0.393412,0.313884
0.683666,0.453536,-9.453604,-0.096751,0.400037,0.341485
0.363338,0.018767,-9.607083,-0.108400,0.392634,0.313605
0.682921,0.454371,-9.418686,-0.083327,0.399162,0.341089
0.364022,0.021559,-9.570373,-0.094481,0.391861,0.313327
0.682180,0.455199,-9.383915,-0.069959,0.398291,0.340695
0.364705,0.024334,-9.533814,-0.080618,0.391091,0.313050
0.681439,0.456012,-9.349293,-0.056649,0.397423,0.340302
0.365387,0.027093,-9.497394,-0.066808,0.390325,0.312774
0.680699,0.456814,-9.314822,-0.043397,0.396557,0.339911
0.366066,0.029834,-9.461115,-0.053052,0.389562,0.312499
0.679965,0.457610,-9.280494,-0.030200,0.395695,0.339522
0.366743,0.032558,-9.424986,-0.039352,0.388803,0.312225
0.679228,0.458389,-9.246318,-0.017061,0.394837,0.339134
0.367419,0.035264,-9.388991,-0.025705,0.388047,0.311952
0.678501,0.459169,-9.212280,-0.003976,0.393981,0.338748
0.368090,0.037952,-9.353150,-0.012113,0.387295,0.311681
0.677770,0.459932,-9.178396,0.009051,0.393129,0.338363
0.368760,0.040623,-9.317438,0.001427,0.386546,0.311410
0.677048,0.460694,-9.144649,0.022024,0.392281,0.337980
0.369427,0.043277,-9.281878,0.014912,0.385800,0.311140
0.676327,0.461446,-9.111048,0.034942,0.391435,0.337598
0.370091,0.045913,-9.246456,0.028344,0.385057,0.310871
0.675609,0.462190,-9.077588,0.047805,0.390593,0.337218
0.370753,0.048533,-9.211175,0.041722,0.384318,0.310604
0.674898,0.462930,-9.044265,0.060615,0.389754,0.336840
0.371412,0.051135,-9.176039,0.055047,0.383582,0.310337
0.674185,0.463656,-9.011089,0.073369,0.388918,0.336463
0.372068,0.053720,-9.141032,0.068323,0.382850,0.310071
0.673483,0.464384,-8.978046,0.086071,0.388085,0.336088
0.372720,0.056287,-9.106172,0.081543,0.382121,0.309806
0.672777,0.465097,-8.945158,0.098714,0.387255,0.335715
0.373370,0.058837,-9.071434,0.094716,0.381395,0.309542
0.672081,0.465811,-8.912403,0.111305,0.386428,0.335343
0.374016,0.061370,-9.036841,0.107834,0.380673,0.309279
0.671387,0.466518,-8.879791,0.123841,0.385604,0.334973
0.374658,0.063885,-9.002378,0.120903,0.379954,0.309017
0.670696,0.467218,-8.847321,0.136322,0.384783,0.334604
0.375297,0.066382,-8.968044,0.133922,0.379238,0.308756
0.670015,0.467918,-8.814982,0.148753,0.383966,0.334238
0.375931,0.068863,-8.933857,0.146887,0.378525,0.308495
0.669328,0.468602,-8.782791,0.161126,0.383150,0.333872
0.376564,0.071327,-8.899785,0.159806,0.377817,0.308236
0.668653,0.469290,-8.750726,0.173450,0.382339,0.333508
0.377192,0.073775,-8.865858,0.172671,0.377110,0.307977
0.667976,0.469965,-8.718801,0.185720,0.381530,0.333146
0.377817,0.076206,-8.832054,0.185490,0.376408,0.307719
0.667305,0.470637,-8.687010,0.197938,0.380723,0.332785
0.378439,0.078620,-8.798381,0.198258,0.375708,0.307462
0.666639,0.471307,-8.655346,0.210107,0.379921,0.332426
0.379057,0.081018,-8.764844,0.210976,0.375011,0.307206
0.665972,0.471965,-8.623831,0.222218,0.379120,0.332068
0.379671,0.083400,-8.731420,0.223649,0.374319,0.306950
0.665316,0.472626,-8.592438,0.234281,0.378323,0.331713
0.380282,0.085765,-8.698135,0.236270,0.373629,0.306696
0.664657,0.473276,-8.561192,0.246288,0.377528,0.331358
0.380811,0.088003,-8.664794,0.248896,0.372951,0.306435
0.664071,0.474011,-8.530097,0.258232,0.376734,0.331010
0.381309,0.090201,-8.631703,0.261443,0.372270,0.306173
0.663518,0.474786,-8.499133,0.270127,0.375943,0.330667
0.381792,0.092372,-8.598779,0.273931,0.371590,0.305911
0.662985,0.475583,-8.468302,0.281971,0.375155,0.330326
0.382262,0.094521,-8.566001,0.286366,0.370913,0.305649
0.662479,0.476413,-8.437583,0.293774,0.374371,0.329989
0.382720,0.096648,-8.533378,0.298749,0.370236,0.305388
0.661992,0.477261,-8.406976,0.305535,0.373591,0.329655
0.383168,0.098755,-8.500895,0.311083,0.369563,0.305127
0.661513,0.478115,-8.376494,0.317250,0.372813,0.329322
0.383606,0.100842,-8.468538,0.323372,0.368892,0.304866
0.661050,0.478983,-8.346122,0.328924,0.372040,0.328992
0.384035,0.102911,-8.436314,0.335615,0.368224,0.304606
0.660596,0.479857,-8.315862,0.340557,0.371270,0.328664
0.384457,0.104964,-8.404218,0.347812,0.367558,0.304346
0.660142,0.480726,-8.285741,0.352139,0.370502,0.328337
0.384872,0.106998,-8.372224,0.359969,0.366897,0.304087
0.659699,0.481602,-8.255729,0.363680,0.369738,0.328012
0.385282,0.109019,-8.340362,0.372080,0.366238,0.303828
0.659260,0.482477,-8.225836,0.375177,0.368977,0.327688
0.385686,0.111023,-8.308615,0.384147,0.365582,0.303570
0.658818,0.483342,-8.196086,0.386619,0.368217,0.327366
0.386084,0.113012,-8.276968,0.396175,0.364930,0.303312
0.658384,0.484209,-8.166452,0.398017,0.367460,0.327045
0.386479,0.114989,-8.245443,0.408157,0.364281,0.303055
0.657956,0.485079,-8.136947,0.409367,0.366705,0.326725
0.386868,0.116949,-8.214023,0.420099,0.363635,0.302799
0.657524,0.485936,-8.107582,0.420663,0.365952,0.326407
0.387253,0.118895,-8.182703,0.432001,0.362993,0.302543
0.657098,0.486795,-8.078335,0.431914,0.365202,0.326090
0.387636,0.120831,-8.151508,0.443857,0.362354,0.302288
0.656678,0.487654,-8.049209,0.443119,0.364455,0.325774
0.388014,0.122754,-8.120422,0.455670,0.361718,0.302034
0.656255,0.488504,-8.020214,0.454273,0.363709,0.325460
0.388390,0.124665,-8.089439,0.467443,0.361086,0.301780
0.655925,0.489467,-7.991316,0.465390,0.362968,0.325154
0.388702,0.126486,-8.058430,0.479210,0.360464,0.301522
0.655628,0.490472,-7.962565,0.476447,0.362226,0.324851
0.389025,0.128328,-8.027817,0.490865,0.359829,0.301268
0.655251,0.491365,-7.933801,0.487514,0.361495,0.324543
0.389350,0.130160,-7.997221,0.502495,0.359202,0.301013
0.654812,0.492167,-7.905204,0.498515,0.360763,0.324231
0.389670,0.131972,-7.966697,0.514083,0.358580,0.300760
0.654349,0.492928,-7.876773,0.509450,0.360031,0.323918
0.390001,0.133788,-7.936331,0.525614,0.357958,0.300508
0.653875,0.493661,-7.848478,0.520331,0.359301,0.323606
0.390341,0.135604,-7.906048,0.537106,0.357341,0.300258
0.653401,0.494385,-7.820345,0.531148,0.358571,0.323294
0.390696,0.137426,-7.875857,0.548558,0.356728,0.300010
0.652932,0.495106,-7.792345,0.541912,0.357843,0.322984
0.391067,0.139258,-7.845780,0.559965,0.356118,0.299764
0.652479,0.495837,-7.764463,0.552628,0.357118,0.322677
0.391449,0.141095,-7.815798,0.571333,0.355512,0.299520
0.652045,0.496584,-7.736695,0.563299,0.356395,0.322372
0.391840,0.142933,-7.785922,0.582661,0.354909,0.299278
0.651615,0.497329,-7.709061,0.573917,0.355674,0.322068
0.392238,0.144769,-7.756138,0.593951,0.354310,0.299037
0.651203,0.498088,-7.681534,0.584490,0.354955,0.321767
0.392639,0.146602,-7.726469,0.605197,0.353713,0.298798
0.650803,0.498856,-7.654106,0.595024,0.354240,0.321468
0.393042,0.148429,-7.696918,0.616399,0.353118,0.298559
0.650403,0.499618,-7.626796,0.605510,0.353526,0.321170
0.393443,0.150245,-7.667459,0.627564,0.352527,0.298322
0.650010,0.500381,-7.599608,0.615946,0.352814,0.320874
0.393841,0.152050,-7.638110,0.638687,0.351939,0.298085
0.649623,0.501144