-0.238024,0.069320,-0.449291,-0.002457,0.478497,-0.001118
-0.238024,0.069320,-0.449291,-0.002457,0.478496,-0.001118
-0.238024,0.069320,-0.449292,-0.002456,0.478496,-0.001118
-0.238024,0.069320,-0.449292,-0.002456,0.478495,-0.001118
-0.238024,0.069320,-0.449292,-0.002456,0.478495,-0.001118
-0.238024,0.069320,-0.449292,-0.002456,0.478494,-0.001118
-0.238023,0.069320,-0.449292,-0.002456,0.478493,-0.001118
-0.238023,0.069320,-0.449292,-0.002456,0.478492,-0.001118
-0.238023,0.069320,-0.449292,-0.002456,0.478491,-0.001118
-0.238023,0.069320,-0.449292,-0.002456,0.478489,-0.001118
-0.238023,0.069320,-0.449292,-0.002456,0.478486,-0.001118
-0.238023,0.069320,-0.449292,-0.002456,0.478482,-0.001117
-0.238022,0.069320,-0.449293,-0.002456,0.478478,-0.001117
-0.238022,0.069320,-0.449293,-0.002456,0.478472,-0.001117
-0.238022,0.069320,-0.449293,-0.002455,0.478465,-0.001116
-0.238022,0.069320,-0.449293,-0.002455,0.478456,-0.001116
-0.238022,0.069320,-0.449293,-0.002455,0.478445,-0.001115
-0.238021,0.069320,-0.449293,-0.002455,0.478432,-0.001114
-0.238021,0.069320,-0.449293,-0.002455,0.478417,-0.001113
-0.238021,0.069320,-0.449293,-0.002455,0.478398,-0.001112
-0.238021,0.069320,-0.449294,-0.002455,0.478376,-0.001111
-0.238021,0.069319,-0.449294,-0.002455,0.478350,-0.001110
-0.238020,0.069319,-0.449294,-0.002455,0.478320,-0.001108
-0.238020,0.069319,-0.449294,-0.002455,0.478286,-0.001107
-0.238020,0.069318,-0.449294,-0.002455,0.478245,-0.001105
-0.238017,0.069319,-0.449296,-0.002453,0.478194,-0.001103
-0.238012,0.069319,-0.449299,-0.002452,0.478128,-0.001101
-0.238007,0.069319,-0.449301,-0.002451,0.478059,-0.001099
-0.238001,0.069319,-0.449304,-0.002450,0.477980,-0.001096
-0.237995,0.069319,-0.449307,-0.002448,0.477894,-0.001094
-0.237989,0.069319,-0.449311,-0.002447,0.477799,-0.001091
-0.237982,0.069319,-0.449315,-0.002445,0.477696,-0.001088
-0.237975,0.069319,-0.449319,-0.002444,0.477585,-0.001085
-0.237967,0.069319,-0.449324,-0.002442,0.477464,-0.001081
-0.237959,0.069319,-0.449329,-0.002440,0.477334,-0.001077
-0.237950,0.069320,-0.449335,-0.002438,0.477193,-0.001073
-0.237940,0.069320,-0.449341,-0.002436,0.477041,-0.001068
-0.237929,0.069320,-0.449348,-0.002434,0.476877,-0.001063
-0.237918,0.069320,-0.449356,-0.002431,0.476702,-0.001058
-0.237906,0.069320,-0.449365,-0.002428,0.476513,-0.001052
-0.237892,0.069320,-0.449375,-0.002425,0.476312,-0.001046
-0.237878,0.069320,-0.449386,-0.002422,0.476096,-0.001039
-0.237863,0.069320,-0.449398,-0.002419,0.475867,-0.001032
-0.237847,0.069320,-0.449412,-0.002415,0.475622,-0.001024
-0.237830,0.069320,-0.449427,-0.002411,0.475362,-0.001015
-0.237811,0.069320,-0.449443,-0.002407,0.475086,-0.001006
-0.237791,0.069320,-0.449460,-0.002402,0.474793,-0.000997
-0.237770,0.069320,-0.449479,-0.002398,0.474482,-0.000987
-0.237747,0.069320,-0.449500,-0.002393,0.474154,-0.000977
-0.237723,0.069320,-0.449523,-0.002388,0.473807,-0.000965
-0.237698,0.069320,-0.449548,-0.002382,0.473441,-0.000954
-0.237670,0.069320,-0.449574,-0.002376,0.473055,-0.000941
-0.237641,0.069320,-0.449603,-0.002370,0.472649,-0.000928
-0.237610,0.069320,-0.449634,-0.002364,0.472221,-0.000915
-0.237578,0.069320,-0.449667,-0.002357,0.471770,-0.000900
-0.237543,0.069320,-0.449703,-0.002350,0.471297,-0.000885
-0.237506,0.069320,-0.449741,-0.002343,0.470801,-0.000869
-0.237467,0.069320,-0.449782,-0.002335,0.470280,-0.000853
-0.237425,0.069320,-0.449826,-0.002327,0.469734,-0.000835
-0.237382,0.069320,-0.449873,-0.002318,0.469163,-0.000817
-0.237336,0.069320,-0.449923,-0.002309,0.468564,-0.000797
-0.237287,0.069319,-0.449976,-0.002300,0.467939,-0.000777
-0.237235,0.069319,-0.450032,-0.002290,0.467285,-0.000756
-0.237181,0.069319,-0.450091,-0.002280,0.466603,-0.000734
-0.237125,0.069319,-0.450154,-0.002269,0.465891,-0.000711
-0.237065,0.069319,-0.450221,-0.002257,0.465148,-0.000686
-0.237002,0.069319,-0.450291,-0.002245,0.464374,-0.000661
-0.236936,0.069319,-0.450365,-0.002233,0.463568,-0.000634
-0.236867,0.069319,-0.450444,-0.002220,0.462729,-0.000607
-0.236795,0.069319,-0.450526,-0.002207,0.461856,-0.000578
-0.236719,0.069319,-0.450613,-0.002193,0.460948,-0.000548
-0.236640,0.069319,-0.450704,-0.002178,0.460006,-0.000516
-0.236557,0.069319,-0.450799,-0.002163,0.459026,-0.000484
-0.236470,0.069319,-0.450899,-0.002147,0.458010,-0.000450
-0.236380,0.069318,-0.451004,-0.002131,0.456956,-0.000415
-0.236286,0.069318,-0.451114,-0.002114,0.455863,-0.000378
-0.236187,0.069318,-0.451229,-0.002096,0.454731,-0.000340
-0.236085,0.069318,-0.451349,-0.002078,0.453558,-0.000301
-0.235978,0.069318,-0.451474,-0.002059,0.452344,-0.000261
-0.235867,0.069318,-0.451605,-0.002039,0.451087,-0.000219
-0.235752,0.069318,-0.451741,-0.002019,0.449788,-0.000176
-0.235631,0.069318,-0.451883,-0.001998,0.448444,-0.000131
-0.235506,0.069318,-0.452031,-0.001977,0.447056,-0.000085
-0.235377,0.069318,-0.452185,-0.001954,0.445623,-0.000038
-0.235242,0.069318,-0.452345,-0.001932,0.444143,0.000010
-0.235102,0.069318,-0.452511,-0.001910,0.442616,0.000056
-0.234957,0.069318,-0.452683,-0.001876,0.441041,0.000129
-0.234807,0.069319,-0.452862,-0.001855,0.439416,0.000174
-0.234652,0.069319,-0.453048,-0.001830,0.437743,0.000227
-0.234490,0.069319,-0.453240,-0.001804,0.436018,0.000283
-0.234323,0.069319,-0.453439,-0.001776,0.434242,0.000341
-0.234151,0.069319,-0.453645,-0.001748,0.432415,0.000401
-0.233972,0.069319,-0.453858,-0.001720,0.430534,0.000462
-0.233787,0.069320,-0.454079,-0.001690,0.428599,0.000525
-0.233596,0.069320,-0.454307,-0.001660,0.426611,0.000590
-0.233399,0.069321,-0.454542,-0.001628,0.424566,0.000656
-0.233195,0.069321,-0.454785,-0.001597,0.422466,0.000723
-0.232985,0.069321,-0.455035,-0.001564,0.420309,0.000793
-0.232768,0.069322,-0.455294,-0.001530,0.418095,0.000864
-0.232544,0.069323,-0.455560,-0.001496,0.415823,0.000936
-0.232313,0.069323,-0.455835,-0.001461,0.413492,0.001011
-0.232075,0.069324,-0.456117,-0.001425,0.411101,0.001086
-0.231830,0.069325,-0.456408,-0.001389,0.408650,0.001164
-0.231577,0.069326,-0.456707,-0.001352,0.406138,0.001243
-0.231316,0.069327,-0.457015,-0.001314,0.403565,0.001323
-0.231048,0.069328,-0.457331,-0.001275,0.400930,0.001405
-0.230773,0.069329,-0.457655,-0.001236,0.398232,0.001489
-0.230489,0.069330,-0.457989,-0.001195,0.395471,0.001574
-0.230197,0.069331,-0.458331,-0.001155,0.392647,0.001661
-0.229897,0.069333,-0.458682,-0.001113,0.389758,0.001749
-0.229588,0.069334,-0.459042,-0.001071,0.386804,0.001838
-0.229271,0.069336,-0.459411,-0.001028,0.383786,0.001929
-0.228945,0.069337,-0.459789,-0.000984,0.380701,0.002021
-0.228610,0.069339,-0.460176,-0.000940,0.377551,0.002115
-0.228267,0.069341,-0.460573,-0.000895,0.374334,0.002210
-0.227914,0.069343,-0.460978,-0.000850,0.371051,0.002306
-0.227552,0.069345,-0.461393,-0.000804,0.367701,0.002403
-0.227180,0.069347,-0.461817,-0.000757,0.364283,0.002502
-0.226799,0.069350,-0.462251,-0.000710,0.360797,0.002601
-0.226408,0.069352,-0.462694,-0.000663,0.357244,0.002702
-0.226008,0.069355,-0.463146,-0.000614,0.353623,0.002804
-0.225597,0.069358,-0.463608,-0.000566,0.349934,0.002906
-0.225176,0.069361,-0.464079,-0.000517,0.346176,0.003010
-0.224745,0.069364,-0.464559,-0.000467,0.342350,0.003114
-0.224303,0.069367,-0.465049,-0.000418,0.338456,0.003220
-0.223851,0.069371,-0.465548,-0.000367,0.334493,0.003325
-0.223388,0.069374,-0.466057,-0.000317,0.330462,0.003432
-0.222914,0.069378,-0.466575,-0.000266,0.326362,0.003539
-0.222429,0.069382,-0.467102,-0.000215,0.322195,0.003646
-0.221933,0.069386,-0.467638,-0.000164,0.317959,0.003754
-0.221425,0.069391,-0.468184,-0.000112,0.313655,0.003862
-0.220906,0.069395,-0.468738,-0.000061,0.309284,0.003971
-0.220376,0.069400,-0.469302,-0.000009,0.304845,0.004079
-0.219833,0.069405,-0.469875,0.000043,0.300340,0.004188
-0.219279,0.069410,-0.470456,0.000095,0.295767,0.004296
-0.218712,0.069416,-0.471047,0.000147,0.291129,0.004404
-0.218134,0.069419,-0.471646,0.000195,0.286425,0.004514
-0.217543,0.069425,-0.472254,0.000247,0.281655,0.004622
-0.216939,0.069432,-0.472870,0.000299,0.276821,0.004729
-0.216323,0.069436,-0.473494,0.000347,0.271923,0.004838
-0.215694,0.069443,-0.474126,0.000399,0.266961,0.004944
-0.215052,0.069450,-0.474767,0.000450,0.261937,0.005050
-0.214397,0.069455,-0.475415,0.000498,0.256850,0.005157
-0.213729,0.069463,-0.476071,0.000550,0.251703,0.005261
-0.213047,0.069469,-0.476735,0.000598,0.246495,0.005366
-0.212352,0.069477,-0.477406,0.000648,0.241227,0.005468
-0.211644,0.069484,-0.478084,0.000696,0.235902,0.005572
-0.210922,0.069492,-0.478769,0.000746,0.230518,0.005671
-0.210186,0.069499,-0.479460,0.000792,0.225079,0.005772
-0.209436,0.069507,-0.480158,0.000838,0.219584,0.005871
-0.208672,0.069516,-0.480862,0.000887,0.214035,0.005967
-0.207893,0.069524,-0.481572,0.000932,0.208433,0.006064
-0.207101,0.069534,-0.482288,0.000980,0.202779,0.006157
-0.206294,0.069543,-0.483009,0.001024,0.197076,0.006250
-0.205473,0.069552,-0.483735,0.001067,0.191323,0.006341
-0.204636,0.069562,-0.484466,0.001113,0.185522,0.006428
-0.203786,0.069572,-0.485202,0.001155,0.179676,0.006515
-0.202920,0.069582,-0.485942,0.001197,0.173785,0.006600
-0.202040,0.069593,-0.486685,0.001240,0.167852,0.006681
-0.201144,0.069603,-0.487433,0.001280,0.161877,0.006762
-0.200233,0.069615,-0.488183,0.001321,0.155862,0.006838
-0.199308,0.069626,-0.488936,0.001359,0.149809,0.006914
-0.198367,0.069638,-0.489692,0.001399,0.143721,0.006985
-0.197410,0.069649,-0.490450,0.001435,0.137598,0.007056
-0.196438,0.069662,-0.491210,0.001472,0.131443,0.007122
-0.195451,0.069675,-0.491971,0.001509,0.125258,0.007184
-0.194449,0.069687,-0.492733,0.001542,0.119044,0.007246
-0.193430,0.069700,-0.493496,0.001576,0.112804,0.007303
-0.192396,0.069714,-0.494259,0.001608,0.106539,0.007357
-0.191347,0.069727,-0.495022,0.001640,0.100253,0.007407
-0.190282,0.069741,-0.495784,0.001670,0.093947,0.007455
-0.189201,0.069754,-0.496544,0.001699,0.087623,0.007499
-0.188104,0.069768,-0.497304,0.001726,0.081283,0.007541
-0.186991,0.069782,-0.498061,0.001752,0.074931,0.007578
-0.185863,0.069796,-0.498816,0.001777,0.068568,0.007613
-0.184719,0.069810,-0.499568,0.001800,0.062197,0.007644
-0.183559,0.069825,-0.500317,0.001823,0.055820,0.007672
-0.182383,0.069839,-0.501062,0.001843,0.049440,0.007697
-0.181192,0.069853,-0.501803,0.001863,0.043059,0.007718
-0.179984,0.069868,-0.502539,0.001882,0.036680,0.007737
-0.178761,0.069882,-0.503270,0.001899,0.030306,0.007752
-0.177522,0.069897,-0.503996,0.001915,0.023939,0.007764
-0.176268,0.069911,-0.504715,0.001930,0.017582,0.007774
-0.174997,0.069926,-0.505428,0.001944,0.011237,0.007780
-0.173711,0.069940,-0.506133,0.001957,0.004908,0.007784
-0.172410,0.069955,-0.506831,0.001969,-0.001402,0.007786
-0.171093,0.069970,-0.507521,0.001979,-0.007691,0.007784
-0.169760,0.069984,-0.508203,0.001989,-0.013957,0.007781
-0.168412,0.069999,-0.508875,0.001998,-0.020195,0.007774
-0.167049,0.070013,-0.509538,0.002006,-0.026402,0.007766
-0.165670,0.070028,-0.510191,0.002013,-0.032577,0.007756
-0.164276,0.070042,-0.510834,0.002019,-0.038716,0.007743
-0.162868,0.070057,-0.511466,0.002024,-0.044815,0.007728
-0.161444,0.070071,-0.512087,0.002029,-0.050872,0.007712
-0.160005,0.070086,-0.512696,0.002033,-0.056884,0.007696
-0.158552,0.070100,-0.513292,0.002038,-0.062846,0.007679
-0.157084,0.070115,-0.513877,0.002042,-0.068757,0.007662
-0.155601,0.070129,-0.514447,0.002046,-0.074613,0.007645
-0.154104,0.070144,-0.515005,0.002050,-0.080411,0.007628
-0.152593,0.070158,-0.515548,0.002054,-0.086147,0.007611
-0.151068,0.070173,-0.516078,0.002057,-0.091818,0.007594
-0.149528,0.070187,-0.516592,0.002061,-0.097420,0.007578
-0.147975,0.070202,-0.517091,0.002064,-0.102952,0.007561
-0.146408,0.070216,-0.517575,0.002067,-0.108408,0.007545
-0.144828,0.070230,-0.518043,0.002070,-0.113786,0.007529
-0.143235,0.070245,-0.518494,0.002072,-0.119082,0.007513
-0.141628,0.070259,-0.518929,0.002074,-0.124293,0.007497
-0.140008,0.070273,-0.519346,0.002076,-0.129416,0.007481
-0.138375,0.070287,-0.519747,0.002078,-0.134447,0.007466
-0.136730,0.070301,-0.520129,0.002079,-0.139383,0.007450
-0.135070,0.070315,-0.520495,0.002081,-0.144224,0.007435
-0.133400,0.070329,-0.520843,0.002082,-0.148956,0.007420
-0.131718,0.070343,-0.521173,0.002083,-0.153581,0.007406
-0.130024,0.070357,-0.521485,0.002083,-0.158097,0.007391
-0.128317,0.070370,-0.521780,0.002083,-0.162499,0.007377
-0.126599,0.070384,-0.522056,0.002083,-0.166785,0.007363
-0.124870,0.070397,-0.522313,0.002082,-0.170950,0.007349
-0.123129,0.070411,-0.522552,0.002082,-0.174992,0.007336
-0.121377,0.070424,-0.522771,0.002081,-0.178908,0.007323
-0.119614,0.070438,-0.522972,0.002080,-0.182693,0.007310
-0.117840,0.070451,-0.523153,0.002080,-0.186345,0.007297
-0.116057,0.070464,-0.523315,0.002081,-0.189861,0.007285
-0.114263,0.070475,-0.523456,0.002081,-0.193236,0.007277
-0.112459,0.070489,-0.523579,0.002087,-0.196469,0.007265
-0.110645,0.070500,-0.523681,0.002091,-0.199556,0.007258
-0.108822,0.070513,-0.523763,0.002104,-0.202494,0.007246
-0.106990,0.070524,-0.523826,0.002117,-0.205280,0.007240
-0.105149,0.070536,-0.523868,0.002136,-0.207930,0.007232
-0.103301,0.070547,-0.523890,0.002157,-0.210465,0.007226
-0.101446,0.070557,-0.523891,0.002182,-0.212886,0.007220
-0.099583,0.070570,-0.523871,0.002216,-0.215194,0.007210
-0.097714,0.070581,-0.523831,0.002252,-0.217385,0.007203
-0.095838,0.070591,-0.523770,0.002293,-0.219455,0.007196
-0.093957,0.070601,-0.523690,0.002340,-0.221402,0.007189
-0.092069,0.070610,-0.523589,0.002397,-0.223223,0.007180
-0.090176,0.070621,-0.523468,0.002465,-0.224915,0.007165
-0.088278,0.070630,-0.523327,0.002536,-0.226475,0.007155
-0.086375,0.070640,-0.523167,0.002623,-0.227901,0.007137
-0.084467,0.070650,-0.522988,0.002719,-0.229189,0.007118
-0.082554,0.070660,-0.522790,0.002826,-0.230338,0.007097
-0.080638,0.070669,-0.522573,0.002945,-0.231344,0.007074
-0.078718,0.070677,-0.522339,0.003076,-0.232206,0.007049
-0.076795,0.070684,-0.522086,0.003220,-0.232920,0.007021
-0.074869,0.070692,-0.521816,0.003378,-0.233486,0.006990
-0.072940,0.070698,-0.521529,0.003550,-0.233901,0.006958
-0.071009,0.070704,-0.521225,0.003739,-0.234162,0.006923
-0.069076,0.070709,-0.520905,0.003944,-0.234269,0.006887
-0.067141,0.070714,-0.520570,0.004166,-0.234219,0.006848
-0.065205,0.070718,-0.520220,0.004406,-0.234011,0.006808
-0.063267,0.070722,-0.519855,0.004665,-0.233644,0.006766
-0.061330,0.070724,-0.519476,0.004944,-0.233117,0.006722
-0.059392,0.070727,-0.519084,0.005242,-0.232428,0.006676
-0.057454,0.070728,-0.518680,0.005560,-0.231577,0.006629
-0.055517,0.070729,-0.518263,0.005899,-0.230562,0.006579
-0.053581,0.070730,-0.517834,0.006259,-0.229384,0.006528
-0.051646,0.070729,-0.517395,0.006640,-0.228042,0.006475
-0.049713,0.070728,-0.516946,0.007043,-0.226536,0.006420
-0.047782,0.070726,-0.516488,0.007468,-0.224865,0.006363
-0.045854,0.070724,-0.516020,0.007915,-0.223030,0.006304
-0.043928,0.070721,-0.515545,0.008385,-0.221032,0.006241
-0.042006,0.070718,-0.515063,0.008878,-0.218870,0.006176
-0.040088,0.070714,-0.514574,0.009392,-0.216546,0.006109
-0.038174,0.070709,-0.514079,0.009928,-0.214061,0.006039
-0.036264,0.070703,-0.513580,0.010486,-0.211415,0.005966
-0.034360,0.070697,-0.513076,0.011066,-0.208611,0.005890
-0.032461,0.070690,-0.512569,0.011666,-0.205649,0.005811
-0.030568,0.070683,-0.512060,0.012287,-0.202532,0.005728
-0.028681,0.070675,-0.511549,0.012929,-0.199261,0.005642
-0.026801,0.070666,-0.511037,0.013590,-0.195839,0.005552
-0.024928,0.070657,-0.510525,0.014271,-0.192269,0.005458
-0.023063,0.070647,-0.510013,0.014970,-0.188552,0.005361
-0.021206,0.070637,-0.509503,0.015688,-0.184693,0.005259
-0.019357,0.070626,-0.508995,0.016423,-0.180693,0.005152
-0.017518,0.070615,-0.508491,0.017174,-0.176557,0.005042
-0.015688,0.070603,-0.507990,0.017941,-0.172287,0.004927
-0.013867,0.070591,-0.507494,0.018723,-0.167889,0.004807
-0.012057,0.070578,-0.507003,0.019519,-0.163365,0.004682
-0.010258,0.070565,-0.506518,0.020328,-0.158720,0.004553
-0.008470,0.070552,-0.506040,0.021148,-0.153958,0.004419
-0.006693,0.070538,-0.505570,0.021979,-0.149085,0.004280
-0.004929,0.070524,-0.505109,0.022820,-0.144104,0.004135
-0.003177,0.070510,-0.504656,0.023669,-0.139021,0.003986
-0.001438,0.070496,-0.504213,0.024525,-0.133841,0.003831
0.000288,0.070482,-0.503780,0.025386,-0.128570,0.003672
0.002000,0.070467,-0.503359,0.026252,-0.123213,0.003507
0.003698,0.070453,-0.502949,0.027121,-0.117776,0.003336
0.005381,0.070438,-0.502552,0.027992,-0.112265,0.003161
0.007049,0.070423,-0.502167,0.028863,-0.106686,0.002980
0.008702,0.070409,-0.501796,0.029732,-0.101046,0.002793
0.010338,0.070395,-0.501439,0.030599,-0.095351,0.002601
0.011959,0.070380,-0.501096,0.031461,-0.089608,0.002404
0.013562,0.070366,-0.500769,0.032318,-0.083823,0.002201
0.015149,0.070352,-0.500457,0.033168,-0.078003,0.001993
0.016718,0.070338,-0.500160,0.034008,-0.072156,0.001779
0.018269,0.070325,-0.499880,0.034839,-0.066288,0.001561
0.019801,0.070312,-0.499616,0.035658,-0.060407,0.001336
0.021315,0.070299,-0.499370,0.036462,-0.054520,0.001108
0.022810,0.070289,-0.499140,0.037259,-0.048634,0.000870
0.024285,0.070277,-0.498929,0.038032,-0.042758,0.000632
0.025739,0.070266,-0.498733,0.038790,-0.036900,0.000390
0.027173,0.070257,-0.498556,0.039529,-0.031069,0.000147
0.028585,0.070253,-0.498395,0.040256,-0.025272,-0.000087
0.029977,0.070204,-0.498252,0.040878,-0.019518,-0.000473
0.031346,0.070212,-0.498126,0.041578,-0.013812,-0.000681
0.032693,0.070207,-0.498018,0.042228,-0.008164,-0.000938
0.034018,0.070200,-0.497927,0.042849,-0.002579,-0.001206
0.035319,0.070193,-0.497854,0.043441,0.002933,-0.001481
0.036598,0.070187,-0.497799,0.044004,0.008366,-0.001761
0.037853,0.070181,-0.497762,0.044538,0.013713,-0.002045
0.039084,0.070176,-0.497742,0.045041,0.018966,-0.002334
0.040291,0.070171,-0.497739,0.045514,0.024118,-0.002628
0.041473,0.070167,-0.497754,0.045954,0.029162,-0.002925
0.042630,0.070164,-0.497786,0.046363,0.034091,-0.003226
0.043763,0.070161,-0.497834,0.046738,0.038899,-0.003530
0.044870,0.070160,-0.497900,0.047080,0.043579,-0.003838
0.045951,0.070159,-0.497981,0.047387,0.048125,-0.004149
0.047006,0.070158,-0.498079,0.047660,0.052529,-0.004463
0.048035,0.070159,-0.498192,0.047898,0.056787,-0.004781
0.049037,0.070160,-0.498320,0.048101,0.060892,-0.005101
0.050013,0.070162,-0.498464,0.048268,0.064839,-0.005424
0.050962,0.070165,-0.498621,0.048400,0.068622,-0.005749
0.051883,0.070168,-0.498793,0.048497,0.072236,-0.006077
0.052777,0.070172,-0.498979,0.048584,0.075677,-0.006405
0.053642,0.070175,-0.499177,0.048672,0.078940,-0.006732
0.054480,0.070178,-0.499388,0.048760,0.082021,-0.007059
0.055284,0.070180,-0.499612,0.048847,0.084928,-0.007384
0.056067,0.070183,-0.499846,0.048936,0.087628,-0.007708
0.056821,0.070185,-0.500089,0.049024,0.090134,-0.008030
0.057547,0.070187,-0.500343,0.049111,0.092443,-0.008350
0.058243,0.070189,-0.500605,0.049198,0.094553,-0.008668
0.058910,0.070191,-0.500877,0.049283,0.096460,-0.008983
0.059547,0.070192,-0.501156,0.049367,0.098161,-0.009295
0.060155,0.070193,-0.501442,0.049450,0.099656,-0.009604
0.060733,0.070193,-0.501735,0.049531,0.100942,-0.009910
0.061281,0.070193,-0.502034,0.049610,0.102017,-0.010213
0.061799,0.070193,-0.502338,0.049687,0.102880,-0.010511
0.062287,0.070193,-0.502647,0.049763,0.103531,-0.010806
0.062744,0.070192,-0.502959,0.049836,0.103970,-0.011096
0.063170,0.070191,-0.503274,0.049907,0.104195,-0.011382
0.063566,0.070189,-0.503592,0.049975,0.104208,-0.011663
0.063931,0.070187,-0.503912,0.050041,0.104009,-0.011939
0.064265,0.070185,-0.504232,0.050103,0.103599,-0.012210
0.064568,0.070183,-0.504553,0.050163,0.102979,-0.012476
0.064840,0.070180,-0.504873,0.050220,0.102151,-0.012735
0.065081,0.070177,-0.505192,0.050274,0.101117,-0.012989
0.065290,0.070173,-0.505509,0.050324,0.099879,-0.013236
0.065467,0.070169,-0.505824,0.050371,0.098440,-0.013477
0.065613,0.070165,-0.506136,0.050414,0.096802,-0.013711
0.065729,0.070161,-0.506445,0.050454,0.095023,-0.013939
0.065815,0.070156,-0.506749,0.050491,0.093104,-0.014161
0.065871,0.070151,-0.507050,0.050524,0.091050,-0.014375
0.065896,0.070145,-0.507345,0.050554,0.088862,-0.014583
0.065892,0.070139,-0.507635,0.050580,0.086546,-0.014783
0.065857,0.070133,-0.507919,0.050602,0.084103,-0.014976
0.065791,0.070127,-0.508195,0.050620,0.081540,-0.015162
0.065695,0.070120,-0.508465,0.050635,0.078859,-0.015339
0.065569,0.070113,-0.508726,0.050646,0.076065,-0.015509
0.065413,0.070106,-0.508979,0.050653,0.073162,-0.015671
0.065227,0.070098,-0.509223,0.050656,0.070157,-0.015824
0.065010,0.070090,-0.509458,0.050655,0.067052,-0.015970
0.064763,0.070082,-0.509683,0.050650,0.063855,-0.016107
0.064487,0.070073,-0.509898,0.050642,0.060569,-0.016235
0.064180,0.070064,-0.510103,0.050630,0.057201,-0.016355
0.063844,0.070055,-0.510296,0.050614,0.053757,-0.016467
0.063478,0.070046,-0.510478,0.050594,0.050241,-0.016570
0.063082,0.070036,-0.510648,0.050571,0.046661,-0.016665
0.062657,0.070026,-0.510807,0.050544,0.043022,-0.016751
0.062203,0.070015,-0.510954,0.050513,0.039331,-0.016829
0.061720,0.070005,-0.511088,0.050481,0.035595,-0.016906
0.061208,0.069995,-0.511210,0.050449,0.031819,-0.016981
0.060668,0.069986,-0.511320,0.050416,0.028014,-0.017057
0.060100,0.069977,-0.511419,0.050384,0.024187,-0.017133
0.059505,0.069968,-0.511506,0.050350,0.020345,-0.017210
0.058883,0.069959,-0.511580,0.050316,0.016494,-0.017288
0.058233,0.069950,-0.511642,0.050282,0.012641,-0.017366
0.057557,0.069941,-0.511693,0.050247,0.008793,-0.017446
0.056855,0.069933,-0.511731,0.050212,0.004956,-0.017526
0.056127,0.069924,-0.511757,0.050176,0.001137,-0.017607
0.055373,0.069916,-0.511772,0.050140,-0.002658,-0.017690
0.054594,0.069908,-0.511774,0.050103,-0.006421,-0.017773
0.053790,0.069900,-0.511765,0.050066,-0.010147,-0.017856
0.052962,0.069892,-0.511744,0.050028,-0.013827,-0.017941
0.052110,0.069885,-0.511712,0.049990,-0.017457,-0.018026
0.051234,0.069877,-0.511669,0.049952,-0.021030,-0.018112
0.050336,0.069870,-0.511615,0.049913,-0.024539,-0.018198
0.049414,0.069863,-0.511550,0.049873,-0.027978,-0.018286
0.048471,0.069856,-0.511475,0.049834,-0.031341,-0.018373
0.047506,0.069850,-0.511390,0.049793,-0.034622,-0.018462
0.046521,0.069843,-0.511296,0.049753,-0.037816,-0.018550
0.045515,0.069837,-0.511193,0.049712,-0.040916,-0.018640
0.044489,0.069831,-0.511080,0.049670,-0.043918,-0.018729
0.043444,0.069825,-0.510960,0.049628,-0.046816,-0.018820
0.042380,0.069820,-0.510831,0.049586,-0.049606,-0.018910
0.041298,0.069814,-0.510695,0.049543,-0.052281,-0.019001
0.040198,0.069809,-0.510553,0.049500,-0.054839,-0.019093
0.039082,0.069804,-0.510404,0.049456,-0.057275,-0.019184
0.037950,0.069799,-0.510249,0.049412,-0.059584,-0.019277
0.036802,0.069795,-0.510088,0.049368,-0.061763,-0.019369
0.035639,0.069791,-0.509923,0.049323,-0.063809,-0.019462
0.034462,0.069787,-0.509754,0.049278,-0.065718,-0.019555
0.033272,0.069783,-0.509581,0.049232,-0.067487,-0.019648
0.032069,0.069779,-0.509405,0.049186,-0.069115,-0.019741
0.030854,0.069776,-0.509226,0.049139,-0.070598,-0.019835
0.029627,0.069773,-0.509046,0.049092,-0.071936,-0.019928
0.028390,0.069770,-0.508864,0.049045,-0.073125,-0.020021
0.027143,0.069768,-0.508681,0.048998,-0.074166,-0.020114
0.025887,0.069765,-0.508498,0.048950,-0.075058,-0.020206
0.024623,0.069764,-0.508316,0.048902,-0.075799,-0.020299
0.023351,0.069762,-0.508134,0.048853,-0.076390,-0.020391
0.022072,0.069760,-0.507954,0.048805,-0.076832,-0.020483
0.020787,0.069759,-0.507776,0.048756,-0.077124,-0.020574
0.019497,0.069758,-0.507601,0.048707,-0.077267,-0.020665
0.018202,0.069758,-0.507428,0.048657,-0.077264,-0.020756
0.016904,0.069758,-0.507259,0.048608,-0.077115,-0.020846
0.015602,0.069758,-0.507094,0.048558,-0.076822,-0.020936
0.014298,0.069758,-0.506934,0.048508,-0.076389,-0.021025
0.012993,0.069758,-0.506778,0.048459,-0.075817,-0.021113
0.011688,0.069759,-0.506628,0.048409,-0.075110,-0.021200
0.010382,0.069760,-0.506483,0.048359,-0.074272,-0.021287
0.009077,0.069762,-0.506344,0.048309,-0.073305,-0.021372
0.007774,0.069764,-0.506212,0.048260,-0.072214,-0.021457
0.006474,0.069766,-0.506086,0.048210,-0.071004,-0.021541
0.005177,0.069768,-0.505968,0.048161,-0.069678,-0.021623
0.003883,0.069771,-0.505856,0.048112,-0.068243,-0.021704
0.002595,0.069774,-0.505752,0.048063,-0.066702,-0.021784
0.001312,0.069777,-0.505656,0.048015,-0.065063,-0.021863
0.000036,0.069781,-0.505568,0.047967,-0.063329,-0.021940
-0.001234,0.069785,-0.505487,0.047920,-0.061508,-0.022015
-0.002495,0.069789,-0.505414,0.047873,-0.059605,-0.022089
-0.003748,0.069794,-0.505350,0.047826,-0.057627,-0.022161
-0.004992,0.069799,-0.505293,0.047780,-0.055580,-0.022231
-0.006226,0.069802,-0.505245,0.047730,-0.053470,-0.022294
-0.007449,0.069808,-0.505205,0.047686,-0.051306,-0.022360
-0.008660,0.069811,-0.505172,0.047636,-0.049093,-0.022416
-0.009860,0.069815,-0.505148,0.047588,-0.046839,-0.022469
-0.011046,0.069819,-0.505131,0.047541,-0.044551,-0.022518
-0.012219,0.069824,-0.505122,0.047494,-0.042236,-0.022563
-0.013378,0.069828,-0.505121,0.047449,-0.039901,-0.022602
-0.014522,0.069833,-0.505127,0.047404,-0.037554,-0.022635
-0.015650,0.069839,-0.505140,0.047360,-0.035201,-0.022662
-0.016763,0.069844,-0.505161,0.047317,-0.032850,-0.022681
-0.017858,0.069849,-0.505187,0.047275,-0.030507,-0.022692
-0.018937,0.069855,-0.505220,0.047233,-0.028180,-0.022695
-0.019998,0.069861,-0.505259,0.047192,-0.025876,-0.022688
-0.021041,0.069867,-0.505303,0.047153,-0.023605,-0.022672
-0.022065,0.069873,-0.505351,0.047113,-0.021371,-0.022649
-0.023070,0.069878,-0.505404,0.047074,-0.019185,-0.022626
-0.024056,0.069883,-0.505460,0.047036,-0.017069,-0.022602
-0.025022,0.069889,-0.505520,0.046999,-0.015024,-0.022577
-0.025968,0.069894,-0.505583,0.046964,-0.013051,-0.022550
-0.026893,0.069900,-0.505648,0.046930,-0.011148,-0.022521
-0.027796,0.069906,-0.505717,0.046897,-0.009317,-0.022490
-0.028677,0.069911,-0.505788,0.046866,-0.007565,-0.022456
-0.029536,0.069917,-0.505860,0.046836,-0.005894,-0.022418
-0.030373,0.069923,-0.505935,0.046807,-0.004307,-0.022376
-0.031186,0.069928,-0.506010,0.046779,-0.002809,-0.022331
-0.031975,0.069934,-0.506086,0.046752,-0.001403,-0.022281
-0.032741,0.069939,-0.506163,0.046726,-0.000092,-0.022227
-0.033483,0.069944,-0.506241,0.046701,0.001122,-0.022167
-0.034200,0.069949,-0.506318,0.046678,0.002234,-0.022103
-0.034893,0.069954,-0.506395,0.046655,0.003244,-0.022033
-0.035561,0.069958,-0.506471,0.046634,0.004150,-0.021958
-0.036204,0.069963,-0.506546,0.046613,0.004951,-0.021877
-0.036821,0.069967,-0.506620,0.046593,0.005645,-0.021790
-0.037413,0.069971,-0.506692,0.046575,0.006233,-0.021697
-0.037979,0.069975,-0.506762,0.046557,0.006713,-0.021598
-0.038519,0.069978,-0.506831,0.046541,0.007087,-0.021493
-0.039033,0.069981,-0.506897,0.046525,0.007355,-0.021382
-0.039522,0.069984,-0.506961,0.046511,0.007519,-0.021265
-0.039983,0.069987,-0.507022,0.046497,0.007578,-0.021142
-0.040419,0.069989,-0.507081,0.046485,0.007537,-0.021013
-0.040829,0.069991,-0.507136,0.046473,0.007395,-0.020878
-0.041212,0.069993,-0.507188,0.046462,0.007157,-0.020737
-0.041568,0.069995,-0.507238,0.046452,0.006824,-0.020591
-0.041899,0.069996,-0.507284,0.046444,0.006401,-0.020438
-0.042203,0.069997,-0.507326,0.046436,0.005889,-0.020281
-0.042481,0.069998,-0.507365,0.046429,0.005294,-0.020118
-0.042733,0.069999,-0.507401,0.046422,0.004619,-0.019949
-0.042959,0.069999,-0.507433,0.046417,0.003869,-0.019776
-0.043158,0.069999,-0.507461,0.046412,0.003047,-0.019598
-0.043332,0.069999,-0.507486,0.046408,0.002159,-0.019416
-0.043480,0.069998,-0.507508,0.046405,0.001209,-0.019229
-0.043603,0.069998,-0.507526,0.046403,0.000203,-0.019038
-0.043700,0.069997,-0.507541,0.046401,-0.000855,-0.018844
-0.043772,0.069995,-0.507552,0.046400,-0.001958,-0.018646
-0.043819,0.069994,-0.507560,0.046400,-0.003103,-0.018445
-0.043839,0.069993,-0.507565,0.046401,-0.004285,-0.018241
-0.043836,0.069991,-0.507567,0.046402,-0.005497,-0.018035
-0.043811,0.069989,-0.507567,0.046403,-0.006725,-0.017828
-0.043761,0.069986,-0.507566,0.046404,-0.007972,-0.017620
-0.043687,0.069984,-0.507563,0.046407,-0.009229,-0.017412
-0.043589,0.069981,-0.507559,0.046410,-0.010493,-0.017204
-0.043469,0.069979,-0.507553,0.046413,-0.011757,-0.016996
-0.043325,0.069976,-0.507547,0.046418,-0.013017,-0.016788
-0.043159,0.069973,-0.507539,0.046422,-0.014266,-0.016581
-0.042971,0.069970,-0.507529,0.046427,-0.015501,-0.016374
-0.042760,0.069967,-0.507519,0.046432,-0.016716,-0.016169
-0.042529,0.069964,-0.507508,0.046438,-0.017907,-0.015966
-0.042276,0.069961,-0.507497,0.046444,-0.019068,-0.015764
-0.042002,0.069958,-0.507484,0.046451,-0.020196,-0.015565
-0.041709,0.069955,-0.507471,0.046457,-0.021286,-0.015367
-0.041395,0.069951,-0.507458,0.046464,-0.022335,-0.015172
-0.041062,0.069948,-0.507444,0.046471,-0.023339,-0.014980
-0.040710,0.069944,-0.507430,0.046479,-0.024294,-0.014791
-0.040340,0.069941,-0.507416,0.046486,-0.025197,-0.014605
-0.039952,0.069938,-0.507401,0.046494,-0.026045,-0.014423
-0.039548,0.069934,-0.507386,0.046501,-0.026877,-0.014243
-0.039128,0.069930,-0.507370,0.046508,-0.027695,-0.014067
-0.038692,0.069927,-0.507354,0.046516,-0.028499,-0.013895
-0.038242,0.069923,-0.507337,0.046524,-0.029287,-0.013727
-0.037777,0.069920,-0.507320,0.046531,-0.030053,-0.013563
-0.037299,0.069916,-0.507303,0.046539,-0.030795,-0.013403
-0.036807,0.069912,-0.507285,0.046547,-0.031509,-0.013248
-0.036303,0.069909,-0.507268,0.046555,-0.032193,-0.013097
-0.035787,0.069905,-0.507251,0.046562,-0.032843,-0.012952
-0.035259,0.069902,-0.507234,0.046570,-0.033456,-0.012812
-0.034719,0.069898,-0.507217,0.046578,-0.034031,-0.012677
-0.034170,0.069895,-0.507200,0.046586,-0.034564,-0.012548
-0.033610,0.069891,-0.507185,0.046594,-0.035055,-0.012424
-0.033041,0.069888,-0.507169,0.046602,-0.035500,-0.012306
-0.032463,0.069884,-0.507155,0.046610,-0.035900,-0.012195
-0.031876,0.069881,-0.507141,0.046618,-0.036251,-0.012089
-0.031282,0.069878,-0.507127,0.046627,-0.036554,-0.011990
-0.030680,0.069875,-0.507115,0.046635,-0.036808,-0.011897
-0.030071,0.069872,-0.507104,0.046644,-0.037012,-0.011811
-0.029457,0.069869,-0.507093,0.046653,-0.037166,-0.011731
-0.028836,0.069866,-0.507083,0.046661,-0.037269,-0.011658
-0.028210,0.069863,-0.507073,0.046671,-0.037328,-0.011592
-0.027582,0.069860,-0.507064,0.046679,-0.037335,-0.011531
-0.026949,0.069857,-0.507055,0.046688,-0.037295,-0.011477
-0.026313,0.069854,-0.507046,0.046697,-0.037209,-0.011429
-0.025674,0.069851,-0.507037,0.046707,-0.037076,-0.011387
-0.025033,0.069849,-0.507029,0.046716,-0.036900,-0.011352
-0.024391,0.069846,-0.507021,0.046726,-0.036679,-0.011323
-0.023747,0.069844,-0.507014,0.046738,-0.036416,-0.011301
-0.023103,0.069842,-0.507007,0.046748,-0.036113,-0.011284
-0.022458,0.069839,-0.507001,0.046757,-0.035771,-0.011269
-0.021815,0.069835,-0.506995,0.046765,-0.035392,-0.011257
-0.021172,0.069832,-0.506989,0.046773,-0.034977,-0.011246
-0.020530,0.069828,-0.506985,0.046780,-0.034529,-0.011237
-0.019890,0.069824,-0.506980,0.046786,-0.034050,-0.011228
-0.019253,0.069819,-0.506977,0.046792,-0.033543,-0.011221
-0.018619,0.069815,-0.506973,0.046798,-0.033008,-0.011215
-0.017988,0.069810,-0.506971,0.046803,-0.032450,-0.011210
-0.017361,0.069805,-0.506969,0.046807,-0.031870,-0.011206
-0.016738,0.069800,-0.506968,0.046811,-0.031271,-0.011204
-0.016120,0.069795,-0.506967,0.046815,-0.030655,-0.011202
-0.015507,0.069789,-0.506967,0.046818,-0.030024,-0.011201
-0.014899,0.069783,-0.506967,0.046820,-0.029383,-0.011202
-0.014298,0.069778,-0.506968,0.046822,-0.028732,-0.011204
-0.013703,0.069772,-0.506969,0.046823,-0.028074,-0.011206
-0.013115,0.069766,-0.506971,0.046824,-0.027413,-0.011208
-0.012534,0.069760,-0.506974,0.046825,-0.026750,-0.011211
-0.011960,0.069754,-0.506976,0.046826,-0.026087,-0.011214
-0.011395,0.069747,-0.506980,0.046826,-0.025429,-0.011218
-0.010838,0.069741,-0.506983,0.046826,-0.024775,-0.011221
-0.010289,0.069735,-0.506987,0.046826,-0.024130,-0.011225
-0.009750,0.069729,-0.506992,0.046825,-0.023494,-0.011229
-0.009219,0.069723,-0.506996,0.046825,-0.022871,-0.011234
-0.008699,0.069717,-0.507001,0.046823,-0.022261,-0.011238
-0.008188,0.069710,-0.507006,0.046822,-0.021668,-0.011243
-0.007688,0.069704,-0.507012,0.046820,-0.021092,-0.011248
-0.007198,0.069698,-0.507017,0.046818,-0.020535,-0.011253
-0.006719,0.069692,-0.507023,0.046816,-0.019999,-0.011258
-0.006252,0.069685,-0.507029,0.046813,-0.019485,-0.011263
-0.005795,0.069679,-0.507035,0.046810,-0.018995,-0.011268
-0.005350,0.069673,-0.507040,0.046807,-0.018529,-0.011273
-0.004917,0.069667,-0.507046,0.046804,-0.018089,-0.011279
-0.004496,0.069661,-0.507052,0.046801,-0.017675,-0.011284
-0.004087,0.069655,-0.507058,0.046797,-0.017288,-0.011290
-0.003690,0.069649,-0.507064,0.046793,-0.016930,-0.011295
-0.003306,0.069643,-0.507070,0.046789,-0.016600,-0.011301
-0.002934,0.069637,-0.507076,0.046785,-0.016298,-0.011307
-0.002576,0.069630,-0.507081,0.046777,-0.016025,-0.011310
-0.002230,0.069625,-0.507087,0.046773,-0.015782,-0.011316
-0.001897,0.069618,-0.507092,0.046766,-0.015567,-0.011320
-0.001578,0.069613,-0.507097,0.046762,-0.015381,-0.011326
-0.001272,0.069607,-0.507102,0.046754,-0.015224,-0.011329
-0.000979,0.069602,-0.507107,0.046750,-0.015095,-0.011335
-0.000699,0.069595,-0.507111,0.046742,-0.014994,-0.011338
-0.000433,0.069591,-0.507115,0.046738,-0.014921,-0.011344
-0.000181,0.069585,-0.507119,0.046730,-0.014873,-0.011347
0.000058,0.069580,-0.507123,0.046726,-0.014852,-0.011353
0.000283,0.069575,-0.507127,0.046718,-0.014856,-0.011357
0.000495,0.069571,-0.507130,0.046714,-0.014883,-0.011363
0.000694,0.069565,-0.507133,0.046706,-0.014934,-0.011366
0.000878,0.069562,-0.507136,0.046702,-0.015007,-0.011372
0.001050,0.069557,-0.507138,0.046694,-0.015100,-0.011375
0.001208,0.069553,-0.507141,0.046689,-0.015213,-0.011381
0.001353,0.069548,-0.507143,0.046682,-0.015345,-0.011384
0.001484,0.069545,-0.507144,0.046677,-0.015495,-0.011390
0.001602,0.069541,-0.507146,0.046670,-0.015660,-0.011393
0.001707,0.069538,-0.507147,0.046665,-0.015840,-0.011399
0.001800,0.069534,-0.507148,0.046658,-0.016033,-0.011402
0.001879,0.069531,-0.507149,0.046653,-0.016242,-0.011408
0.001947,0.069527,-0.507150,0.046646,-0.016423,-0.011411
0.002004,0.069525,-0.507152,0.046642,-0.016576,-0.011417
0.002049,0.069522,-0.507154,0.046635,-0.016700,-0.011420
0.002083,0.069519,-0.507156,0.046630,-0.016795,-0.011426
0.002101,0.069516,-0.507159,0.046622,-0.016855,-0.011429
0.002108,0.069513,-0.507162,0.046616,-0.016885,-0.011434
0.002112,0.069512,-0.507164,0.046612,-0.016902,-0.011439
0.002108,0.069509,-0.507165,0.046606,-0.016893,-0.011442
0.002094,0.069508,-0.507166,0.046603,-0.016862,-0.011447
0.002070,0.069506,-0.507168,0.046597,-0.016806,-0.011450
0.002036,0.069504,-0.507171,0.046591,-0.016728,-0.011453
0.001993,0.069502,-0.507175,0.046585,-0.016627,-0.011456
0.001941,0.069501,-0.507179,0.046582,-0.016506,-0.011461
0.001880,0.069500,-0.507183,0.046576,-0.016365,-0.011463
0.001811,0.069498,-0.507188,0.046571,-0.016204,-0.011466
0.001735,0.069497,-0.507193,0.046565,-0.016024,-0.011470
0.001651,0.069496,-0.507198,0.046560,-0.015825,-0.011473
0.001560,0.069495,-0.507204,0.046555,-0.015610,-0.011476
0.001462,0.069495,-0.507209,0.046552,-0.015377,-0.011480
0.001358,0.069494,-0.507215,0.046548,-0.015128,-0.011483
0.001247,0.069494,-0.507221,0.046545,-0.014866,-0.011487
0.001130,0.069493,-0.507227,0.046540,-0.014593,-0.011490
0.001008,0.069493,-0.507233,0.046537,-0.014313,-0.011494
0.000880,0.069493,-0.507239,0.046531,-0.014026,-0.011496
0.000748,0.069493,-0.507244,0.046528,-0.013736,-0.011500
0.000610,0.069492,-0.507249,0.046523,-0.013444,-0.011501
0.000468,0.069493,-0.507254,0.046520,-0.013153,-0.011505
0.000321,0.069493,-0.507259,0.046517,-0.012863,-0.011508
0.000171,0.069493,-0.507263,0.046511,-0.012578,-0.011510
0.000016,0.069493,-0.507267,0.046508,-0.012298,-0.011513
-0.000141,0.069492,-0.507271,0.046502,-0.012025,-0.011514
-0.000302,0.069493,-0.507274,0.046499,-0.011762,-0.011517
-0.000466,0.069494,-0.507277,0.046496,-0.011508,-0.011520
-0.000632,0.069493,-0.507279,0.046490,-0.011266,-0.011521
-0.000801,0.069494,-0.507281,0.046487,-0.011037,-0.011523
-0.000972,0.069493,-0.507283,0.046481,-0.010821,-0.011524
-0.001145,0.069494,-0.507284,0.046478,-0.010620,-0.011526
-0.001319,0.069495,-0.507284,0.046475,-0.010434,-0.011529
-0.001495,0.069494,-0.507284,0.046469,-0.010264,-0.011528
-0.001672,0.069495,-0.507284,0.046465,-0.010111,-0.011531
-0.001849,0.069494,-0.507283,0.046459,-0.009974,-0.011530
-0.002027,0.069495,-0.507282,0.046456,-0.009854,-0.011532
-0.002206,0.069494,-0.507281,0.046450,-0.009752,-0.011532
-0.002384,0.069495,-0.507279,0.046446,-0.009667,-0.011533
-0.002563,0.069495,-0.507277,0.046442,-0.009599,-0.011534
-0.002741,0.069496,-0.507275,0.046439,-0.009548,-0.011536
-0.002919,0.069496,-0.507272,0.046432,-0.009513,-0.011535
-0.003095,0.069496,-0.507269,0.046429,-0.009495,-0.011536
-0.003271,0.069496,-0.507266,0.046423,-0.009493,-0.011535
-0.003446,0.069496,-0.507263,0.046419,-0.009506,-0.011536
-0.003619,0.069496,-0.507259,0.046413,-0.009533,-0.011535
-0.003791,0.069496,-0.507256,0.046410,-0.009575,-0.011536
-0.003961,0.069495,-0.507252,0.046403,-0.009629,-0.011534
-0.004129,0.069496,-0.507249,0.046400,-0.009696,-0.011535
-0.004295,0.069496,-0.507245,0.046396,-0.009775,-0.011535
-0.004459,0.069496,-0.507241,0.046389,-0.009864,-0.011533
-0.004620,0.069496,-0.507238,0.046386,-0.009963,-0.011534
-0.004778,0.069495,-0.507234,0.046380,-0.010070,-0.011531
-0.004934,0.069496,-0.507230,0.046377,-0.010186,-0.011532
-0.005087,0.069495,-0.507227,0.046370,-0.010307,-0.011529
-0.005237,0.069495,-0.507223,0.046367,-0.010435,-0.011530
-0.005384,0.069494,-0.507220,0.046360,-0.010568,-0.011527
-0.005527,0.069495,-0.507217,0.046357,-0.010704,-0.011527
-0.005668,0.069493,-0.507214,0.046350,-0.010843,-0.011523
-0.005804,0.069494,-0.507211,0.046348,-0.010985,-0.011523
-0.005937,0.069493,-0.507208,0.046341,-0.011127,-0.011519
-0.006066,0.069493,-0.507206,0.046339,-0.011269,-0.011518
-0.006192,0.069492,-0.507203,0.046333,-0.011410,-0.011513
-0.006313,0.069493,-0.507201,0.046330,-0.011550,-0.011511
-0.006431,0.069491,-0.507199,0.046324,-0.011688,-0.011506
-0.006544,0.069492,-0.507197,0.046322,-0.011822,-0.011504
-0.006654,0.069491,-0.507195,0.046316,-0.011952,-0.011498
-0.006759,0.069491,-0.507194,0.046314,-0.012078,-0.011495
-0.006860,0.069490,-0.507193,0.046307,-0.012199,-0.011488
-0.006956,0.069490,-0.507192,0.046306,-0.012314,-0.011485
-0.007049,0.069489,-0.507191,0.046299,-0.012423,-0.011477
-0.007137,0.069488,-0.507190,0.046294,-0.012525,-0.011470
-0.007221,0.069486,-0.507189,0.046289,-0.012620,-0.011462
-0.007300,0.069486,-0.507189,0.046284,-0.012708,-0.011453
-0.007375,0.069485,-0.507188,0.046279,-0.012789,-0.011445
-0.007445,0.069484,-0.507188,0.046275,-0.012862,-0.011436
-0.007511,0.069483,-0.507188,0.046270,-0.012927,-0.011427
-0.007572,0.069482,-0.507188,0.046266,-0.012984,-0.011417
-0.007629,0.069481,-0.507188,0.046262,-0.013033,-0.011407
-0.007682,0.069480,-0.507188,0.046258,-0.013073,-0.011396
-0.007730,0.069479,-0.507189,0.046254,-0.013106,-0.011384
-0.007773,0.069479,-0.507189,0.046250,-0.013131,-0.011372
-0.007813,0.069478,-0.507189,0.046246,-0.013148,-0.011359
-0.007848,0.069477,-0.507190,0.046242,-0.013157,-0.011345
-0.007878,0.069476,-0.507190,0.046238,-0.013159,-0.011330
-0.007904,0.069475,-0.507190,0.046234,-0.013153,-0.011315
-0.007926,0.069474,-0.507191,0.046231,-0.013141,-0.011299
-0.007943,0.069473,-0.507191,0.046227,-0.013122,-0.011282
-0.007956,0.069472,-0.507191,0.046223,-0.013098,-0.011264
-0.007962,0.069471,-0.507191,0.046220,-0.013081,-0.011246
-0.007963,0.069470,-0.507190,0.046217,-0.013075,-0.011227
-0.007963,0.069469,-0.507190,0.046213,-0.013072,-0.011208
-0.007963,0.069468,-0.507190,0.046209,-0.013071,-0.011187
-0.007963,0.069466,-0.507190,0.046204,-0.013070,-0.011165
-0.007960,0.069465,-0.507190,0.046200,-0.013077,-0.011142
-0.007953,0.069464,-0.507190,0.046195,-0.013091,-0.011119
-0.007943,0.069462,-0.507189,0.046190,-0.013114,-0.011095
-0.007930,0.069461,-0.507188,0.046186,-0.013143,-0.011071
-0.007914,0.069459,-0.507187,0.046181,-0.013179,-0.011047
-0.007895,0.069458,-0.507186,0.046177,-0.013221,-0.011022
-0.007873,0.069456,-0.507185,0.046173,-0.013270,-0.010997
-0.007849,0.069455,-0.507183,0.046168,-0.013324,-0.010972
-0.007822,0.069454,-0.507181,0.046164,-0.013384,-0.010946
-0.007793,0.069452,-0.507180,0.046160,-0.013448,-0.010920
-0.007762,0.069451,-0.507178,0.046156,-0.013518,-0.010893
-0.007729,0.069449,-0.507175,0.046151,-0.013591,-0.010867
-0.007695,0.069448,-0.507173,0.046147,-0.013670,-0.010839
-0.007658,0.069446,-0.507171,0.046143,-0.013752,-0.010812
-0.007620,0.069445,-0.507169,0.046139,-0.013837,-0.010785
-0.007580,0.069444,-0.507166,0.046134,-0.013927,-0.010757
-0.007539,0.069442,-0.507163,0.046130,-0.014019,-0.010729
-0.007496,0.069441,-0.507161,0.046126,-0.014114,-0.010701
-0.007453,0.069439,-0.507158,0.046122,-0.014212,-0.010672
-0.007408,0.069438,-0.507155,0.046117,-0.014312,-0.010644
-0.007363,0.069436,-0.507152,0.046113,-0.014414,-0.010615
-0.007316,0.069435,-0.507149,0.046109,-0.014519,-0.010587
-0.007269,0.069433,-0.507146,0.046105,-0.014624,-0.010558
-0.007221,0.069432,-0.507143,0.046100,-0.014731,-0.010529
-0.007173,0.069430,-0.507140,0.046096,-0.014840,-0.010501
-0.007125,0.069429,-0.507137,0.046092,-0.014949,-0.010472
-0.007076,0.069427,-0.507134,0.046087,-0.015058,-0.010443
-0.007027,0.069426,-0.507131,0.046083,-0.015168,-0.010415
-0.006978,0.069424,-0.507127,0.046079,-0.015279,-0.010386
-0.006929,0.069423,-0.507124,0.046074,-0.015389,-0.010358
-0.006880,0.069421,-0.507121,0.046070,-0.015499,-0.010329
-0.006831,0.069420,-0.507118,0.046065,-0.015609,-0.010301
-0.006782,0.069418,-0.507115,0.046061,-0.015718,-0.010273
-0.006734,0.069417,-0.507112,0.046057,-0.015826,-0.010245
-0.006687,0.069415,-0.507109,0.046052,-0.015933,-0.010217
-0.006639,0.069413,-0.507105,0.046048,-0.016039,-0.010189
-0.006593,0.069412,-0.507102,0.046043,-0.016144,-0.010162
-0.006547,0.069410,-0.507099,0.046039,-0.016247,-0.010134
-0.006502,0.069409,-0.507097,0.046035,-0.016349,-0.010107
-0.006457,0.069407,-0.507094,0.046030,-0.016449,-0.010080
-0.006414,0.069406,-0.507091,0.046026,-0.016547,-0.010054
-0.006371,0.069404,-0.507088,0.046021,-0.016643,-0.010027
-0.006330,0.069403,-0.507086,0.046016,-0.016737,-0.010001
-0.006289,0.069401,-0.507084,0.046012,-0.016829,-0.009975
-0.006250,0.069400,-0.507081,0.046007,-0.016919,-0.009950
-0.006211,0.069398,-0.507079,0.046002,-0.017007,-0.009924
-0.006174,0.069397,-0.507077,0.045998,-0.017092,-0.009899
-0.006137,0.069395,-0.507075,0.045993,-0.017175,-0.009874
-0.006102,0.069394,-0.507073,0.045989,-0.017256,-0.009850
-0.006068,0.069392,-0.507072,0.045984,-0.017335,-0.009826
-0.006035,0.069391,-0.507070,0.045980,-0.017411,-0.009802
-0.006004,0.069389,-0.507069,0.045975,-0.017484,-0.009778
-0.005973,0.069388,-0.507067,0.045971,-0.017555,-0.009755
-0.005944,0.069386,-0.507066,0.045966,-0.017623,-0.009732
-0.005916,0.069385,-0.507065,0.045962,-0.017689,-0.009709
-0.005889,0.069384,-0.507064,0.045958,-0.017750,-0.009686
-0.005863,0.069382,-0.507063,0.045953,-0.017807,-0.009664
-0.005839,0.069381,-0.507063,0.045949,-0.017860,-0.009642
-0.005816,0.069379,-0.507062,0.045945,-0.017909,-0.009620
-0.005794,0.069378,-0.507061,0.045940,-0.017954,-0.009599
-0.005773,0.069377,-0.507061,0.045936,-0.017994,-0.009577
-0.005753,0.069376,-0.507061,0.045932,-0.018030,-0.009556
-0.005734,0.069374,-0.507061,0.045928,-0.018061,-0.009535
-0.005717,0.069373,-0.507060,0.045924,-0.018087,-0.009515
-0.005700,0.069372,-0.507060,0.045919,-0.018109,-0.009494
-0.005685,0.069370,-0.507060,0.045915,-0.018126,-0.009474
-0.005670,0.069369,-0.507060,0.045911,-0.018138,-0.009453
-0.005657,0.069368,-0.507061,0.045907,-0.018145,-0.009433
-0.005644,0.069367,-0.507061,0.045903,-0.018148,-0.009413
-0.005633,0.069365,-0.507061,0.045899,-0.018147,-0.009393
-0.005622,0.069364,-0.507061,0.045895,-0.018141,-0.009373
-0.005613,0.069363,-0.507061,0.045890,-0.018131,-0.009353
-0.005604,0.069362,-0.507062,0.045886,-0.018118,-0.009333
-0.005596,0.069360,-0.507062,0.045882,-0.018100,-0.009313
-0.005588,0.069359,-0.507062,0.045878,-0.018080,-0.009293
-0.005582,0.069358,-0.507063,0.045874,-0.018057,-0.009273
-0.005576,0.069357,-0.507063,0.045869,-0.018030,-0.009253
-0.005571,0.069356,-0.507063,0.045865,-0.018002,-0.009233
-0.005566,0.069354,-0.507063,0.045861,-0.017971,-0.009212
-0.005562,0.069353,-0.507064,0.045856,-0.017938,-0.009192
-0.005559,0.069352,-0.507064,0.045852,-0.017903,-0.009171
-0.005556,0.069351,-0.507064,0.045848,-0.017868,-0.009150
-0.005553,0.069349,-0.507064,0.045843,-0.017831,-0.009129
-0.005551,0.069348,-0.507064,0.045839,-0.017793,-0.009108
-0.005550,0.069347,-0.507064,0.045834,-0.017754,-0.009087
-0.005549,0.069346,-0.507064,0.045830,-0.017713,-0.009065
-0.005549,0.069344,-0.507064,0.045825,-0.017672,-0.009043
-0.005549,0.069343,-0.507064,0.045821,-0.017631,-0.009020
-0.005549,0.069342,-0.507064,0.045816,-0.017592,-0.008998
-0.005549,0.069340,-0.507064,0.045812,-0.017553,-0.008975
-0.005549,0.069339,-0.507064,0.045807,-0.017515,-0.008952
-0.005549,0.069338,-0.507064,0.045802,-0.017477,-0.008929
-0.005548,0.069337,-0.507064,0.045798,-0.017440,-0.008906
-0.005548,0.069335,-0.507064,0.045793,-0.017404,-0.008882
-0.005548,0.069334,-0.507064,0.045788,-0.017368,-0.008858
-0.005548,0.069333,-0.507064,0.045783,-0.017333,-0.008833
-0.005548,0.069331,-0.507064,0.045779,-0.017298,-0.008809
-0.005548,0.069330,-0.507064,0.045774,-0.017265,-0.008783
-0.005548,0.069328,-0.507064,0.045769,-0.017231,-0.008758
-0.005548,0.069327,-0.507064,0.045764,-0.017199,-0.008732
-0.005547,0.069325,-0.507064,0.045758,-0.017167,-0.008705
-0.005547,0.069324,-0.507064,0.045753,-0.017136,-0.008679
-0.005547,0.069322,-0.507064,0.045748,-0.017106,-0.008651
-0.005547,0.069321,-0.507064,0.045742,-0.017076,-0.008624
-0.005547,0.069319,-0.507064,0.045737,-0.017048,-0.008596
-0.005547,0.069318,-0.507064,0.045731,-0.017020,-0.008568
-0.005547,0.069316,-0.507064,0.045726,-0.016993,-0.008540
-0.005547,0.069315,-0.507064,0.045720,-0.016968,-0.008511
-0.005546,0.069313,-0.507064,0.045714,-0.016944,-0.008482
-0.005546,0.069311,-0.507064,0.045708,-0.016920,-0.008453
-0.005546,0.069310,-0.507065,0.045702,-0.016899,-0.008423
-0.005546,0.069308,-0.507065,0.045696,-0.016878,-0.008394
-0.005546,0.069306,-0.507065,0.045690,-0.016859,-0.008364
-0.005545,0.069304,-0.507064,0.045684,-0.016843,-0.008335
-0.005543,0.069303,-0.507064,0.045678,-0.016830,-0.008306
-0.005541,0.069301,-0.507064,0.045673,-0.016817,-0.008276
-0.005539,0.069299,-0.507064,0.045667,-0.016806,-0.008247
-0.005536,0.069298,-0.507064,0.045661,-0.016796,-0.008218
-0.005534,0.069296,-0.507064,0.045656,-0.016787,-0.008188
-0.005531,0.069295,-0.507064,0.045650,-0.016779,-0.008159
-0.005527,0.069293,-0.507063,0.045645,-0.016771,-0.008130
-0.005524,0.069292,-0.507063,0.045639,-0.016764,-0.008101
-0.005520,0.069290,-0.507063,0.045634,-0.016757,-0.008072
-0.005516,0.069289,-0.507063,0.045628,-0.016750,-0.008043
-0.005512,0.069287,-0.507062,0.045623,-0.016743,-0.008014
-0.005508,0.069286,-0.507062,0.045617,-0.016736,-0.007985
-0.005503,0.069284,-0.507062,0.045612,-0.016729,-0.007957
-0.005498,0.069283,-0.507062,0.045607,-0.016722,-0.007928
-0.005493,0.069281,-0.507061,0.045601,-0.016714,-0.007900
-0.005487,0.069280,-0.507061,0.045596,-0.016707,-0.007871
-0.005482,0.069278,-0.507061,0.045591,-0.016698,-0.007843
-0.005476,0.069277,-0.507060,0.045586,-0.016689,-0.007815
-0.005470,0.069275,-0.507060,0.045580,-0.016680,-0.007787
-0.005464,0.069274,-0.507060,0.045575,-0.016669,-0.007760
-0.005457,0.069272,-0.507060,0.045570,-0.016658,-0.007732
-0.005451,0.069271,-0.507059,0.045565,-0.016647,-0.007705
-0.005444,0.069270,-0.507059,0.045560,-0.016634,-0.007678
-0.005437,0.069268,-0.507059,0.045555,-0.016621,-0.007651
-0.005430,0.069267,-0.507059,0.045550,-0.016607,-0.007624
-0.005422,0.069265,-0.507058,0.045545,-0.016593,-0.007598
-0.005415,0.069264,-0.507058,0.045540,-0.016577,-0.007571
-0.005407,0.069263,-0.507058,0.045535,-0.016562,-0.007545
-0.005399,0.069261,-0.507058,0.045530,-0.016545,-0.007519
-0.005390,0.069260,-0.507058,0.045525,-0.016528,-0.007494
-0.005382,0.069259,-0.507057,0.045520,-0.016511,-0.007468
-0.005373,0.069257,-0.507057,0.045515,-0.016493,-0.007443
-0.005364,0.069256,-0.507057,0.045511,-0.016475,-0.007418
-0.005355,0.069255,-0.507057,0.045506,-0.016456,-0.007393
-0.005346,0.069253,-0.507057,0.045501,-0.016437,-0.007368
-0.005336,0.069252,-0.507057,0.045497,-0.016417,-0.007344
-0.005327,0.069251,-0.507057,0.045492,-0.016397,-0.007320
-0.005317,0.069250,-0.507057,0.045488,-0.016377,-0.007296
-0.005307,0.069248,-0.507057,0.045484,-0.016357,-0.007272
-0.005297,0.069247,-0.507057,0.045479,-0.016337,-0.007248
-0.005287,0.069246,-0.507056,0.045475,-0.016316,-0.007225
-0.005276,0.069245,-0.507056,0.045471,-0.016296,-0.007202
-0.005266,0.069244,-0.507056,0.045466,-0.016275,-0.007179
-0.005255,0.069243,-0.507056,0.045462,-0.016255,-0.007156
-0.005244,0.069241,-0.507056,0.045458,-0.016234,-0.007134
-0.005233,0.069240,-0.507056,0.045454,-0.016214,-0.007112
-0.005222,0.069239,-0.507056,0.045450,-0.016193,-0.007090
-0.005211,0.069238,-0.507056,0.045446,-0.016173,-0.007068
-0.005200,0.069237,-0.507056,0.045442,-0.016153,-0.007046
-0.005189,0.069236,-0.507056,0.045438,-0.016133,-0.007025
-0.005177,0.069235,-0.507056,0.045434,-0.016113,-0.007004
-0.005166,0.069234,-0.507056,0.045430,-0.016094,-0.006983
-0.005155,0.069233,-0.507056,0.045426,-0.016074,-0.006962
-0.005143,0.069231,-0.507056,0.045422,-0.016055,-0.006942
-0.005132,0.069230,-0.507056,0.045418,-0.016036,-0.006922
-0.005120,0.069229,-0.507056,0.045415,-0.016018,-0.006901
-0.005108,0.069228,-0.507056,0.045411,-0.015999,-0.006882
-0.005097,0.069227,-0.507056,0.045407,-0.015981,-0.006862
-0.005085,0.069226,-0.507056,0.045403,-0.015963,-0.006842
-0.005074,0.069225,-0.507056,0.045400,-0.015945,-0.006823
-0.005062,0.069224,-0.507056,0.045396,-0.015928,-0.006804
-0.005051,0.069223,-0.507056,0.045393,-0.015911,-0.006785
-0.005039,0.069222,-0.507056,0.045389,-0.015894,-0.006766
-0.005027,0.069221,-0.507056,0.045385,-0.015877,-0.006748
-0.005016,0.069220,-0.507056,0.045382,-0.015861,-0.006729
-0.005004,0.069219,-0.507056,0.045378,-0.015844,-0.006711
-0.004993,0.069218,-0.507056,0.045375,-0.015828,-0.006693
-0.004982,0.069217,-0.507056,0.045371,-0.015812,-0.006675
-0.004970,0.069216,-0.507056,0.045368,-0.015797,-0.006657
-0.004959,0.069216,-0.507055,0.045365,-0.015781,-0.006640
-0.004948,0.069215,-0.507055,0.045361,-0.015766,-0.006622
-0.004937,0.069214,-0.507055,0.045358,-0.015750,-0.006605
-0.004926,0.069213,-0.507055,0.045355,-0.015735,-0.006588
-0.004915,0.069212,-0.507055,0.045351,-0.015720,-0.006571
-0.004904,0.069211,-0.507055,0.045348,-0.015706,-0.006554
-0.004893,0.069210,-0.507055,0.045345,-0.015691,-0.006537
-0.004882,0.069209,-0.507055,0.045341,-0.015676,-0.006521
-0.004871,0.069208,-0.507055,0.045338,-0.015662,-0.006504
-0.004861,0.069207,-0.507055,0.045335,-0.015647,-0.006488
-0.004850,0.069206,-0.507055,0.045332,-0.015633,-0.006471
-0.004840,0.069205,-0.507055,0.045328,-0.015619,-0.006455
-0.004829,0.069205,-0.507055,0.045325,-0.015605,-0.006439
-0.004819,0.069204,-0.507055,0.045322,-0.015591,-0.006423
-0.004809,0.069203,-0.507055,0.045319,-0.015577,-0.006408
-0.004799,0.069202,-0.507055,0.045316,-0.015563,-0.006392
-0.004789,0.069201,-0.507055,0.045313,-0.015549,-0.006376
-0.004779,0.069200,-0.507055,0.045309,-0.015535,-0.006361
-0.004769,0.069199,-0.507055,0.045306,-0.015521,-0.006345
-0.004759,0.069199,-0.507055,0.045303,-0.015508,-0.006330
-0.004750,0.069198,-0.507054,0.045300,-0.015494,-0.006314
-0.004740,0.069197,-0.507054,0.045297,-0.015480,-0.006299
-0.004731,0.069196,-0.507054,0.045294,-0.015467,-0.006284
-0.004722,0.069195,-0.507054,0.045291,-0.015453,-0.006269
-0.004712,0.069194,-0.507054,0.045288,-0.015440,-0.006254
-0.004703,0.069193,-0.507054,0.045285,-0.015426,-0.006239
-0.004694,0.069193,-0.507054,0.045282,-0.015413,-0.006224
-0.004685,0.069192,-0.507054,0.045279,-0.015399,-0.006209
-0.004677,0.069191,-0.507054,0.045275,-0.015386,-0.006194
-0.004668,0.069190,-0.507054,0.045272,-0.015373,-0.006179
-0.004659,0.069189,-0.507054,0.045269,-0.015359,-0.006165
-0.004651,0.069188,-0.507054,0.045266,-0.015346,-0.006150
-0.004642,0.069188,-0.507054,0.045263,-0.015333,-0.006135
-0.004634,0.069187,-0.507054,0.045260,-0.015320,-0.006121
-0.004626,0.069186,-0.507054,0.045257,-0.015307,-0.006106
-0.004617,0.069185,-0.507054,0.045254,-0.015293,-0.006091
-0.004609,0.069184,-0.507054,0.045251,-0.015280,-0.006077
-0.004601,0.069183,-0.507054,0.045248,-0.015267,-0.006062
-0.004593,0.069183,-0.507054,0.045245,-0.015254,-0.006048
-0.004585,0.069182,-0.507053,0.045242,-0.015241,-0.006033
-0.004578,0.069181,-0.507053,0.045239,-0.015229,-0.006019
-0.004570,0.069180,-0.507053,0.045236,-0.015216,-0.006004
-0.004562,0.069179,-0.507053,0.045233,-0.015203,-0.005990
-0.004555,0.069179,-0.507053,0.045230,-0.015190,-0.005975
-0.004547,0.069178,-0.507053,0.045227,-0.015178,-0.005961
-0.004540,0.069177,-0.507053,0.045224,-0.015165,-0.005946
-0.004532,0.069176,-0.507053,0.045221,-0.015152,-0.005932
-0.004525,0.069175,-0.507053,0.045218,-0.015140,-0.005917
-0.004518,0.069175,-0.507053,0.045215,-0.015127,-0.005903
-0.004510,0.069174,-0.507053,0.045212,-0.015115,-0.005889
-0.004503,0.069173,-0.507053,0.045209,-0.015102,-0.005874
-0.004496,0.069172,-0.507053,0.045206,-0.015090,-0.005860
-0.004489,0.069171,-0.507053,0.045203,-0.015078,-0.005845
-0.004482,0.069171,-0.507053,0.045200,-0.015065,-0.005831
-0.004475,0.069170,-0.507053,0.045197,-0.015053,-0.005817
-0.004468,0.069169,-0.507053,0.045194,-0.015041,-0.005802
-0.004461,0.069168,-0.507053,0.045191,-0.015029,-0.005788
-0.004454,0.069167,-0.507052,0.045188,-0.015017,-0.005774
-0.004447,0.069167,-0.507052,0.045186,-0.015005,-0.005759
-0.004441,0.069166,-0.507052,0.045183,-0.014992,-0.005745
-0.004434,0.069165,-0.507052,0.045180,-0.014980,-0.005730
-0.004427,0.069164,-0.507052,0.045177,-0.014968,-0.005716
-0.004420,0.069163,-0.507052,0.045174,-0.014956,-0.005702
-0.004414,0.069163,-0.507052,0.045171,-0.014945,-0.005687
-0.004407,0.069162,-0.507052,0.045168,-0.014933,-0.005673
-0.004401,0.069161,-0.507052,0.045165,-0.014921,-0.005659
-0.004394,0.069160,-0.507052,0.045162,-0.014909,-0.005645
-0.004387,0.069160,-0.507052,0.045159,-0.014897,-0.005630
-0.004381,0.069159,-0.507052,0.045156,-0.014885,-0.005616
-0.004374,0.069158,-0.507052,0.045153,-0.014874,-0.005602
-0.004368,0.069157,-0.507052,0.045150,-0.014862,-0.005588
-0.004361,0.069156,-0.507052,0.045147,-0.014850,-0.005573
-0.004355,0.069156,-0.507052,0.045145,-0.014839,-0.005559
-0.004348,0.069155,-0.507052,0.045142,-0.014827,-0.005545
-0.004342,0.069154,-0.507052,0.045139,-0.014815,-0.005531
-0.004335,0.069153,-0.507052,0.045136,-0.014804,-0.005517
-0.004329,0.069153,-0.507051,0.045133,-0.014792,-0.005503
-0.004323,0.069152,-0.507051,0.045130,-0.014781,-0.005489
-0.004316,0.069151,-0.507051,0.045127,-0.014769,-0.005474
-0.004310,0.069150,-0.507051,0.045124,-0.014757,-0.005460
-0.004303,0.069150,-0.507051,0.045122,-0.014746,-0.005446
-0.004297,0.069149,-0.507051,0.045119,-0.014735,-0.005432
-0.004291,0.069148,-0.507051,0.045116,-0.014723,-0.005418
-0.004284,0.069147,-0.507051,0.045113,-0.014712,-0.005405
-0.004278,0.069147,-0.507051,0.045110,-0.014700,-0.005391
-0.004272,0.069146,-0.507051,0.045107,-0.014689,-0.005377
-0.004265,0.069145,-0.507051,0.045105,-0.014678,-0.005363
-0.004259,0.069145,-0.507051,0.045102,-0.014666,-0.005349
-0.004253,0.069144,-0.507051,0.045099,-0.014655,-0.005335
-0.004246,0.069143,-0.507051,0.045096,-0.014644,-0.005322
-0.004240,0.069142,-0.507051,0.045093,-0.014633,-0.005308
-0.004234,0.069142,-0.507051,0.045091,-0.014621,-0.005294
-0.004227,0.069141,-0.507051,0.045088,-0.014610,-0.005281
-0.004221,0.069140,-0.507051,0.045085,-0.014599,-0.005267
-0.004215,0.069139,-0.507051,0.045082,-0.014588,-0.005254
-0.004208,0.069139,-0.507051,0.045080,-0.014577,-0.005240
-0.004202,0.069138,-0.507051,0.045077,-0.014566,-0.005227
-0.004196,0.069137,-0.507050,0.045074,-0.014555,-0.005213
-0.004189,0.069137,-0.507050,0.045071,-0.014544,-0.005200
-0.004183,0.069136,-0.507050,0.045069,-0.014533,-0.005187
-0.004177,0.069135,-0.507050,0.045066,-0.014522,-0.005173
-0.004171,0.069134,-0.507050,0.045063,-0.014511,-0.005160
-0.004164,0.069134,-0.507050,0.045061,-0.014500,-0.005147
-0.004158,0.069133,-0.507050,0.045058,-0.014489,-0.005134
-0.004152,0.069132,-0.507050,0.045055,-0.014478,-0.005121
-0.004146,0.069132,-0.507050,0.045053,-0.014467,-0.005108
-0.004139,0.069131,-0.507050,0.045050,-0.014457,-0.005095
-0.004133,0.069130,-0.507050,0.045048,-0.014446,-0.005082
-0.004127,0.069130,-0.507050,0.045046,-0.014435,-0.005069
-0.004121,0.069129,-0.507050,0.045044,-0.014424,-0.005056
-0.004115,0.069128,-0.507050,0.045043,-0.014414,-0.005043
-0.004108,0.069128,-0.507050,0.045041,-0.014403,-0.005030
-0.004102,0.069127,-0.507050,0.045041,-0.014393,-0.005018
-0.004096,0.069126,-0.507050,0.045040,-0.014382,-0.005005
-0.004090,0.069125,-0.507050,0.045041,-0.014371,-0.004992
-0.004084,0.069125,-0.507050,0.045041,-0.014361,-0.004979
-0.004078,0.069124,-0.507050,0.045042,-0.014350,-0.004967
-0.004071,0.069123,-0.507050,0.045044,-0.014340,-0.004954
-0.004065,0.069122,-0.507050,0.045046,-0.014330,-0.004941
-0.004059,0.069121,-0.507050,0.045049,-0.014319,-0.004929
-0.004053,0.069121,-0.507049,0.045052,-0.014309,-0.004916
-0.004047,0.069120,-0.507049,0.045056,-0.014298,-0.004903
-0.004041,0.069119,-0.507049,0.045060,-0.014288,-0.004891
-0.004035,0.069118,-0.507049,0.045065,-0.014278,-0.004878
-0.004029,0.069117,-0.507049,0.045071,-0.014268,-0.004866
-0.004023,0.069116,-0.507049,0.045077,-0.014257,-0.004853
-0.004017,0.069116,-0.507049,0.045084,-0.014247,-0.004840
-0.004011,0.069115,-0.507049,0.045092,-0.014237,-0.004828
-0.004005,0.069114,-0.507049,0.045100,-0.014227,-0.004815
-0.003999,0.069113,-0.507049,0.045108,-0.014217,-0.004803
-0.003993,0.069112,-0.507049,0.045118,-0.014207,-0.004790
-0.003987,0.069111,-0.507049,0.045127,-0.014197,-0.004777
-0.003981,0.069110,-0.507049,0.045138,-0.014187,-0.004765
-0.003975,0.069109,-0.507049,0.045148,-0.014177,-0.004752
-0.003969,0.069108,-0.507049,0.045160,-0.014167,-0.004739
-0.003963,0.069107,-0.507049,0.045172,-0.014157,-0.004727
-0.003958,0.069106,-0.507049,0.045184,-0.014147,-0.004714
-0.003952,0.069105,-0.507049,0.045197,-0.014137,-0.004701
-0.003946,0.069104,-0.507049,0.045211,-0.014127,-0.004689
-0.003940,0.069103,-0.507049,0.045224,-0.014118,-0.004676
-0.003934,0.069102,-0.507049,0.045239,-0.014108,-0.004663
-0.003928,0.069101,-0.507049,0.045253,-0.014098,-0.004650
-0.003923,0.069100,-0.507049,0.045269,-0.014089,-0.004638
-0.003917,0.069099,-0.507049,0.045284,-0.014079,-0.004625
-0.003911,0.069098,-0.507049,0.045300,-0.014069,-0.004612
-0.003906,0.069096,-0.507049,0.045316,-0.014060,-0.004599
-0.003900,0.069095,-0.507049,0.045333,-0.014050,-0.004587
-0.003894,0.069094,-0.507048,0.045349,-0.014041,-0.004574
-0.003889,0.069093,-0.507048,0.045367,-0.014031,-0.004561
-0.003883,0.069092,-0.507048,0.045384,-0.014022,-0.004548
-0.003877,0.069091,-0.507048,0.045402,-0.014012,-0.004535
-0.003872,0.069090,-0.507048,0.045420,-0.014003,-0.004522
-0.003866,0.069089,-0.507048,0.045438,-0.013994,-0.004509
-0.003861,0.069087,-0.507048,0.045456,-0.013984,-0.004497
-0.003855,0.069086,-0.507048,0.045474,-0.013975,-0.004484
-0.003849,0.069085,-0.507048,0.045493,-0.013966,-0.004471
-0.003844,0.069084,-0.507048,0.045512,-0.013957,-0.004458
-0.003838,0.069083,-0.507048,0.045531,-0.013947,-0.004445
-0.003833,0.069082,-0.507048,0.045550,-0.013938,-0.004432
-0.003828,0.069081,-0.507048,0.045569,-0.013929,-0.004419
-0.003822,0.069079,-0.507048,0.045588,-0.013920,-0.004407
-0.003817,0.069078,-0.507048,0.045607,-0.013911,-0.004394
-0.003811,0.069077,-0.507048,0.045626,-0.013902,-0.004381
-0.003806,0.069076,-0.507048,0.045646,-0.013893,-0.004368
-0.003801,0.069075,-0.507048,0.045665,-0.013884,-0.004355
-0.003795,0.069074,-0.507048,0.045684,-0.013875,-0.004342
-0.003790,0.069072,-0.507048,0.045704,-0.013866,-0.004329
-0.003785,0.069071,-0.507048,0.045723,-0.013857,-0.004317
-0.003779,0.069070,-0.507048,0.045742,-0.013848,-0.004304
-0.003774,0.069069,-0.507048,0.045761,-0.013839,-0.004291
-0.003769,0.069068,-0.507048,0.045781,-0.013830,-0.004278
-0.003763,0.069067,-0.507048,0.045800,-0.013821,-0.004266
-0.003758,0.069066,-0.507048,0.045819,-0.013812,-0.004253
-0.003753,0.069064,-0.507048,0.045838,-0.013804,-0.004240
-0.003748,0.069063,-0.507048,0.045857,-0.013795,-0.004227
-0.003743,0.069062,-0.507048,0.045876,-0.013786,-0.004215
-0.003737,0.069061,-0.507047,0.045894,-0.013777,-0.004202
-0.003732,0.069060,-0.507047,0.045913,-0.013769,-0.004190
-0.003727,0.069059,-0.507047,0.045931,-0.013760,-0.004177
-0.003722,0.069058,-0.507047,0.045950,-0.013751,-0.004165
-0.003717,0.069057,-0.507047,0.045968,-0.013743,-0.004152
-0.003712,0.069055,-0.507047,0.045986,-0.013734,-0.004140
-0.003707,0.069054,-0.507047,0.046004,-0.013726,-0.004127
-0.003702,0.069053,-0.507047,0.046022,-0.013717,-0.004115
-0.003697,0.069052,-0.507047,0.046040,-0.013708,-0.004102
-0.003692,0.069051,-0.507047,0.046058,-0.013700,-0.004090
-0.003687,0.069050,-0.507047,0.046075,-0.013691,-0.004078
-0.003682,0.069049,-0.507047,0.046093,-0.013683,-0.004066
-0.003677,0.069048,-0.507047,0.046110,-0.013675,-0.004053
-0.003672,0.069047,-0.507047,0.046127,-0.013666,-0.004041
-0.003667,0.069046,-0.507047,0.046144,-0.013658,-0.004029
-0.003662,0.069045,-0.507047,0.046161,-0.013649,-0.004017
-0.003657,0.069044,-0.507047,0.046178,-0.013641,-0.004005
-0.003652,0.069043,-0.507047,0.046194,-0.013633,-0.003993
-0.003647,0.069042,-0.507047,0.046211,-0.013624,-0.003981
-0.003642,0.069040,-0.507047,0.046227,-0.013616,-0.003969
-0.003637,0.069039,-0.507047,0.046243,-0.013608,-0.003958
-0.003633,0.069038,-0.507047,0.046259,-0.013600,-0.003946
-0.003628,0.069037,-0.507047,0.046275,-0.013591,-0.003934
-0.003623,0.069036,-0.507047,0.046291,-0.013583,-0.003922
-0.003618,0.069035,-0.507047,0.046307,-0.013575,-0.003911
-0.003613,0.069034,-0.507047,0.046322,-0.013567,-0.003899
-0.003609,0.069033,-0.507047,0.046338,-0.013559,-0.003888
-0.003604,0.069032,-0.507047,0.046353,-0.013551,-0.003876
-0.003599,0.069031,-0.507047,0.046369,-0.013542,-0.003865
-0.003594,0.069030,-0.507047,0.046384,-0.013534,-0.003853
-0.003590,0.069029,-0.507047,0.046399,-0.013526,-0.003842
-0.003585,0.069028,-0.507047,0.046414,-0.013518,-0.003831
-0.003580,0.069028,-0.507046,0.046429,-0.013510,-0.003819
-0.003575,0.069027,-0.507046,0.046443,-0.013502,-0.003808
-0.003571,0.069026,-0.507046,0.046458,-0.013494,-0.003797
-0.003566,0.069025,-0.507046,0.046473,-0.013486,-0.003786
-0.003561,0.069024,-0.507046,0.046487,-0.013479,-0.003775
-0.003557,0.069023,-0.507046,0.046501,-0.013471,-0.003764
-0.003552,0.069022,-0.507046,0.046516,-0.013463,-0.003753
-0.003548,0.069021,-0.507046,0.046530,-0.013455,-0.003742
-0.003543,0.069020,-0.507046,0.046544,-0.013447,-0.003731
-0.003538,0.069019,-0.507046,0.046558,-0.013439,-0.003720
-0.003534,0.069018,-0.507046,0.046572,-0.013431,-0.003709
-0.003529,0.069017,-0.507046,0.046586,-0.013424,-0.003698
-0.003525,0.069016,-0.507046,0.046600,-0.013416,-0.003688
-0.003520,0.069015,-0.507046,0.046614,-0.013408,-0.003677
-0.003516,0.069014,-0.507046,0.046628,-0.013401,-0.003666
-0.003511,0.069014,-0.507046,0.046642,-0.013393,-0.003656
-0.003507,0.069013,-0.507046,0.046655,-0.013385,-0.003645
-0.003502,0.069012,-0.507046,0.046669,-0.013378,-0.003635
-0.003498,0.069011,-0.507046,0.046683,-0.013370,-0.003624
-0.003493,0.069010,-0.507046,0.046696,-0.013362,-0.003614
-0.003489,0.069010,-0.507046,0.046711,-0.013355,-0.003604
-0.003484,0.069007,-0.507046,0.046720,-0.013347,-0.003592
-0.003480,0.069008,-0.507046,0.046738,-0.013339,-0.003585
-0.003475,0.069007,-0.507046,0.046752,-0.013333,-0.003573
-0.003471,0.069006,-0.507046,0.046765,-0.013325,-0.003562
-0.003466,0.069005,-0.507046,0.046778,-0.013317,-0.003551
-0.003462,0.069004,-0.507046,0.046791,-0.013310,-0.003540
-0.003458,0.069003,-0.507046,0.046804,-0.013302,-0.003529
-0.003453,0.069002,-0.507046,0.046818,-0.013295,-0.003518
-0.003449,0.069001,-0.507046,0.046831,-0.013287,-0.003507
-0.003445,0.069000,-0.507046,0.046844,-0.013280,-0.003497
-0.003440,0.068999,-0.507046,0.046857,-0.013273,-0.003486
-0.003436,0.068998,-0.507046,0.046870,-0.013265,-0.003476
-0.003432,0.068997,-0.507046,0.046883,-0.013258,-0.003466
-0.003427,0.068996,-0.507046,0.046897,-0.013251,-0.003456
-0.003423,0.068995,-0.507045,0.046910,-0.013243,-0.003446
-0.003419,0.068994,-0.507045,0.046923,-0.013236,-0.003436
-0.003415,0.068994,-0.507045,0.046936,-0.013229,-0.003426
-0.003410,0.068993,-0.507045,0.046949,-0.013222,-0.003416
-0.003406,0.068992,-0.507045,0.046962,-0.013214,-0.003406
-0.003402,0.068991,-0.507045,0.046975,-0.013207,-0.003396
-0.003398,0.068990,-0.507045,0.046987,-0.013200,-0.003386
-0.003393,0.068989,-0.507045,0.047000,-0.013193,-0.003377
-0.003389,0.068989,-0.507045,0.047013,-0.013186,-0.003367
-0.003385,0.068988,-0.507045,0.047026,-0.013179,-0.003357
-0.003381,0.068987,-0.507045,0.047039,-0.013172,-0.003348
-0.003377,0.068986,-0.507045,0.047051,-0.013165,-0.003338
-0.003373,0.068985,-0.507045,0.047064,-0.013158,-0.003329
-0.003368,0.068985,-0.507045,0.047077,-0.013151,-0.003320
-0.003364,0.068984,-0.507045,0.047089,-0.013144,-0.003310
-0.003360,0.068983,-0.507045,0.047102,-0.013137,-0.003301
-0.003356,0.068982,-0.507045,0.047114,-0.013130,-0.003292
-0.003352,0.068981,-0.507045,0.047127,-0.013123,-0.003282
-0.003348,0.068981,-0.507045,0.047139,-0.013116,-0.003273
-0.003344,0.068980,-0.507045,0.047152,-0.013109,-0.003264
-0.003340,0.068979,-0.507045,0.047164,-0.013102,-0.003255
-0.003336,0.068978,-0.507045,0.047177,-0.013095,-0.003246
-0.003332,0.068977,-0.507045,0.047189,-0.013088,-0.003236
-0.003328,0.068977,-0.507045,0.047201,-0.013081,-0.003227
-0.003324,0.068976,-0.507045,0.047213,-0.013074,-0.003218
-0.003320,0.068975,-0.507045,0.047226,-0.013068,-0.003209
-0.003316,0.068974,-0.507045,0.047238,-0.013061,-0.003200
-0.003312,0.068974,-0.507045,0.047250,-0.013054,-0.003191
-0.003308,0.068973,-0.507045,0.047262,-0.013047,-0.003182
-0.003304,0.068972,-0.507045,0.047274,-0.013041,-0.003173
-0.003300,0.068971,-0.507045,0.047286,-0.013034,-0.003164
-0.003296,0.068970,-0.507045,0.047298,-0.013027,-0.003156
-0.003292,0.068970,-0.507045,0.047311,-0.013020,-0.003147
-0.003288,0.068969,-0.507045,0.047323,-0.013014,-0.003138
-0.003284,0.068968,-0.507045,0.047335,-0.013007,-0.003129
-0.003280,0.068967,-0.507045,0.047347,-0.013001,-0.003120
-0.003276,0.068967,-0.507045,0.047358,-0.012994,-0.003111
-0.003272,0.068966,-0.507044,0.047370,-0.012987,-0.003103
-0.003268,0.068965,-0.507044,0.047382,-0.012981,-0.003094
-0.003265,0.068964,-0.507044,0.047394,-0.012974,-0.003085
-0.003261,0.068964,-0.507044,0.047406,-0.012968,-0.003076
-0.003257,0.068963,-0.507044,0.047418,-0.012961,-0.003068
-0.003253,0.068962,-0.507044,0.047430,-0.012955,-0.003059
-0.003249,0.068961,-0.507044,0.047441,-0.012948,-0.003050
-0.003245,0.068961,-0.507044,0.047453,-0.012942,-0.003042
-0.003242,0.068960,-0.507044,0.047465,-0.012935,-0.003033
-0.003238,0.068959,-0.507044,0.047476,-0.012929,-0.003024
-0.003234,0.068958,-0.507044,0.047488,-0.012922,-0.003016
-0.003230,0.068958,-0.507044,0.047500,-0.012916,-0.003007
-0.003226,0.068957,-0.507044,0.047511,-0.012909,-0.002998
-0.003223,0.068956,-0.507044,0.047523,-0.012903,-0.002990
-0.003219,0.068955,-0.507044,0.047535,-0.012897,-0.002981
-0.003215,0.068955,-0.507044,0.047546,-0.012890,-0.002973
-0.003211,0.068954,-0.507044,0.047558,-0.012884,-0.002964
-0.003208,0.068953,-0.507044,0.047569,-0.012878,-0.002956
-0.003204,0.068952,-0.507044,0.047581,-0.012871,-0.002947
-0.003200,0.068952,-0.507044,0.047592,-0.012865,-0.002939
-0.003197,0.068951,-0.507044,0.047604,-0.012859,-0.002930
-0.003193,0.068950,-0.507044,0.047615,-0.012852,-0.002922
-0.003189,0.068949,-0.507044,0.047626,-0.012846,-0.002914
-0.003186,0.068949,-0.507044,0.047638,-0.012840,-0.002905
-0.003182,0.068948,-0.507044,0.047649,-0.012834,-0.002897
-0.003178,0.068947,-0.507044,0.047660,-0.012828,-0.002889
-0.003175,0.068947,-0.507044,0.047672,-0.012821,-0.002880
-0.003171,0.068946,-0.507044,0.047683,-0.012815,-0.002872
-0.003167,0.068945,-0.507044,0.047694,-0.012809,-0.002864
-0.003164,0.068944,-0.507044,0.047705,-0.012803,-0.002855
-0.003160,0.068944,-0.507044,0.047717,-0.012797,-0.002847
-0.003157,0.068943,-0.507044,0.047728,-0.012791,-0.002839
-0.003153,0.068942,-0.507044,0.047739,-0.012785,-0.002831
-0.003150,0.068942,-0.507044,0.047750,-0.012779,-0.002822
-0.003146,0.068941,-0.507044,0.047761,-0.012773,-0.002814
-0.003142,0.068940,-0.507044,0.047772,-0.012766,-0.002806
-0.003139,0.068939,-0.507044,0.047783,-0.012760,-0.002798
-0.003135,0.068939,-0.507044,0.047794,-0.012754,-0.002790
-0.003132,0.068938,-0.507044,0.047805,-0.012748,-0.002782
-0.003128,0.068937,-0.507044,0.047816,-0.012742,-0.002773
-0.003125,0.068937,-0.507044,0.047827,-0.012737,-0.002765
-0.003121,0.068936,-0.507044,0.047838,-0.012731,-0.002757
-0.003118,0.068935,-0.507043,0.047849,-0.012725,-0.002749
-0.003114,0.068934,-0.507043,0.047860,-0.012719,-0.002741
-0.003111,0.068934,-0.507043,0.047871,-0.012713,-0.002733
-0.003107,0.068933,-0.507043,0.047882,-0.012707,-0.002725
-0.003104,0.068932,-0.507043,0.047892,-0.012701,-0.002717
-0.003101,0.068932,-0.507043,0.047903,-0.012695,-0.002709
-0.003097,0.068931,-0.507043,0.047914,-0.012689,-0.002701
-0.003094,0.068930,-0.507043,0.047925,-0.012683,-0.002694
-0.003090,0.068930,-0.507043,0.047935,-0.012678,-0.002686
-0.003087,0.068929,-0.507043,0.047946,-0.012672,-0.002678
-0.003083,0.068928,-0.507043,0.047957,-0.012666,-0.002670
-0.003080,0.068928,-0.507043,0.047967,-0.012660,-0.002662
-0.003077,0.068927,-0.507043,0.047978,-0.012655,-0.002654
-0.003073,0.068926,-0.507043,0.047988,-0.012649,-0.002647
-0.003070,0.068926,-0.507043,0.047999,-0.012643,-0.002639
-0.003067,0.068925,-0.507043,0.048009,-0.012637,-0.002631
-0.003063,0.068924,-0.507043,0.048020,-0.012632,-0.002623
-0.003060,0.068924,-0.507043,0.048030,-0.012626,-0.002616
-0.003057,0.068923,-0.507043,0.048041,-0.012620,-0.002608
-0.003053,0.068922,-0.507043,0.048051,-0.012615,-0.002600
-0.003050,0.068922,-0.507043,0.048062,-0.012609,-0.002593
-0.003047,0.068921,-0.507043,0.048072,-0.012603,-0.002585
-0.003043,0.068920,-0.507043,0.048082,-0.012598,-0.002577
-0.003040,0.068920,-0.507043,0.048093,-0.012592,-0.002570
-0.003037,0.068919,-0.507043,0.048103,-0.012586,-0.002562
-0.003033,0.068918,-0.507043,0.048113,-0.012581,-0.002555
-0.003030,0.068918,-0.507043,0.048123,-0.012575,-0.002547
-0.003027,0.068917,-0.507043,0.048134,-0.012570,-0.002540
-0.003024,0.068916,-0.507043,0.048144,-0.012564,-0.002532
-0.003020,0.068916,-0.507043,0.048154,-0.012559,-0.002525
-0.003017,0.068915,-0.507043,0.048164,-0.012553,-0.002517
-0.003014,0.068914,-0.507043,0.048174,-0.012548,-0.002510
-0.003011,0.068914,-0.507043,0.048184,-0.012542,-0.002503
-0.003007,0.068913,-0.507043,0.048194,-0.012537,-0.002495
-0.003004,0.068912,-0.507043,0.048204,-0.012531,-0.002488
-0.003001,0.068912,-0.507043,0.048214,-0.012526,-0.002481
-0.002998,0.068911,-0.507043,0.048224,-0.012520,-0.002473
-0.002995,0.068911,-0.507043,0.048234,-0.012515,-0.002466
-0.002991,0.068910,-0.507043,0.048244,-0.012510,-0.002459
-0.002988,0.068909,-0.507043,0.048254,-0.012504,-0.002451
-0.002985,0.068909,-0.507043,0.048264,-0.012499,-0.002444
-0.002982,0.068908,-0.507043,0.048274,-0.012493,-0.002437
-0.002979,0.068907,-0.507043,0.048284,-0.012488,-0.002430
-0.002976,0.068907,-0.507043,0.048294,-0.012483,-0.002423
-0.002973,0.068906,-0.507043,0.048303,-0.012477,-0.002415
-0.002969,0.068906,-0.507043,0.048313,-0.012472,-0.002408
-0.002966,0.068905,-0.507042,0.048323,-0.012467,-0.002401
-0.002963,0.068904,-0.507042,0.048333,-0.012462,-0.002394
-0.002960,0.068904,-0.507042,0.048342,-0.012456,-0.002387
-0.002957,0.068903,-0.507042,0.048352,-0.012451,-0.002380
-0.002954,0.068902,-0.507042,0.048362,-0.012446,-0.002373
-0.002951,0.068902,-0.507042,0.048371,-0.012440,-0.002366
-0.002948,0.068901,-0.507042,0.048381,-0.012435,-0.002359
-0.002945,0.068901,-0.507042,0.048390,-0.012430,-0.002352
-0.002942,0.068900,-0.507042,0.048400,-0.012425,-0.002345
-0.002939,0.068899,-0.507042,0.048410,-0.012420,-0.002338
-0.002936,0.068899,-0.507042,0.048419,-0.012414,-0.002331
-0.002933,0.068898,-0.507042,0.048429,-0.012409,-0.002324
-0.002930,0.068898,-0.507042,0.048438,-0.012404,-0.002317
-0.002927,0.068897,-0.507042,0.048447,-0.012399,-0.002310
-0.002924,0.068896,-0.507042,0.048457,-0.012394,-0.002303
-0.002921,0.068896,-0.507042,0.048466,-0.012389,-0.002296
-0.002918,0.068895,-0.507042,0.048475,-0.012384,-0.002290
-0.002915,0.068894,-0.507042,0.048485,-0.012378,-0.002283
-0.002912,0.068895,-0.507042,0.048497,-0.012374,-0.002279
-0.002908,0.068894,-0.507042,0.048506,-0.012369,-0.002271
-0.002906,0.068895,-0.507042,0.048518,-0.012363,-0.002266
-0.002902,0.068893,-0.507042,0.048526,-0.012359,-0.002257
-0.002900,0.068894,-0.507042,0.048538,-0.012353,-0.002252
-0.002896,0.068892,-0.507042,0.048546,-0.012349,-0.002243
-0.002894,0.068893,-0.507042,0.048558,-0.012343,-0.002238
-0.002890,0.068891,-0.507042,0.048566,-0.012338,-0.002228
-0.002888,0.068891,-0.507042,0.048577,-0.012333,-0.002222
-0.002885,0.068889,-0.507042,0.048585,-0.012328,-0.002213
-0.002882,0.068890,-0.507042,0.048596,-0.012322,-0.002207
-0.002879,0.068888,-0.507042,0.048604,-0.012318,-0.002197
-0.002876,0.068888,-0.507042,0.048615,-0.012312,-0.002191
-0.002873,0.068886,-0.507042,0.048622,-0.012308,-0.002181
-0.002870,0.068887,-0.507042,0.048634,-0.012303,-0.002176
-0.002867,0.068885,-0.507042,0.048641,-0.012298,-0.002166
-0.002864,0.068885,-0.507042,0.048653,-0.012293,-0.002160
-0.002861,0.068883,-0.507042,0.048660,-0.012288,-0.002150
-0.002859,0.068884,-0.507042,0.048672,-0.012283,-0.002144
-0.002855,0.068882,-0.507042,0.048679,-0.012279,-0.002134
-0.002853,0.068882,-0.507042,0.048691,-0.012273,-0.002128
-0.002850,0.068880,-0.507042,0.048698,-0.012269,-0.002118
-0.002847,0.068881,-0.507042,0.048710,-0.012263,-0.002113
-0.002844,0.068878,-0.507042,0.048718,-0.012259,-0.002103
-0.002841,0.068879,-0.507042,0.048729,-0.012253,-0.002097
-0.002838,0.068877,-0.507042,0.048737,-0.012249,-0.002087
-0.002836,0.068878,-0.507042,0.048749,-0.012244,-0.002082
-0.002832,0.068875,-0.507042,0.048756,-0.012240,-0.002072
-0.002830,0.068876,-0.507042,0.048768,-0.012234,-0.002066
-0.002827,0.068874,-0.507042,0.048776,-0.012230,-0.002056
-0.002824,0.068875,-0.507042,0.048788,-0.012224,-0.002051
-0.002821,0.068873,-0.507042,0.048795,-0.012220,-0.002041
-0.002818,0.068873,-0.507042,0.048807,-0.012215,-0.002035
-0.002815,0.068871,-0.507042,0.048815,-0.012211,-0.002025
-0.002813,0.068872,-0.507042,0.048827,-0.012205,-0.002020
-0.002810,0.068870,-0.507042,0.048834,-0.012201,-0.002010
-0.002807,0.068871,-0.507042,0.048847,-0.012196,-0.002005
-0.002804,0.068869,-0.507042,0.048854,-0.012192,-0.001995
-0.002801,0.068869,-0.507042,0.048866,-0.012187,-0.001989
-0.002798,0.068867,-0.507042,0.048874,-0.012182,-0.001980
-0.002796,0.068868,-0.507042,0.048886,-0.012177,-0.001974
-0.002793,0.068866,-0.507042,0.048893,-0.012173,-0.001965
-0.002790,0.068867,-0.507042,0.048905,-0.012168,-0.001959
-0.002787,0.068865,-0.507042,0.048913,-0.012164,-0.001949
-0.002785,0.068865,-0.507042,0.048925,-0.012159,-0.001944
-0.002782,0.068863,-0.507042,0.048932,-0.012155,-0.001934
-0.002779,0.068864,-0.507042,0.048944,-0.012149,-0.001929
-0.002776,0.068862,-0.507042,0.048952,-0.012145,-0.001920
-0.002774,0.068863,-0.507042,0.048963,-0.012140,-0.001914
-0.002771,0.068861,-0.507042,0.048971,-0.012136,-0.001905
-0.002768,0.068862,-0.507042,0.048983,-0.012131,-0.001899
-0.002765,0.068860,-0.507042,0.048990,-0.012127,-0.001890
-0.002763,0.068860,-0.507042,0.049002,-0.012122,-0.001885
-0.002760,0.068858,-0.507042,0.049009,-0.012118,-0.001875
-0.002758,0.068859,-0.507042,0.049021,-0.012113,-0.001870
-0.002755,0.068857,-0.507042,0.049028,-0.012109,-0.001861
-0.002752,0.068858,-0.507042,0.049040,-0.012104,-0.001855
-0.002749,0.068856,-0.507042,0.049047,-0.012100,-0.001846
-0.002747,0.068857,-0.507042,0.049058,-0.012095,-0.001841
-0.002744,0.068855,-0.507042,0.049066,-0.012091,-0.001832
-0.002742,0.068855,-0.507042,0.049077,-0.012086,-0.001826
-0.002739,0.068854,-0.507042,0.049084,-0.012082,-0.001817
-0.002736,0.068854,-0.507042,0.049096,-0.012078,-0.001812
-0.002733,0.068852,-0.507042,0.049103,-0.012074,-0.001803
-0.002731,0.068853,-0.507042,0.049114,-0.012069,-0.001798
-0.002728,0.068851,-0.507042,0.049121,-0.012065,-0.001789
-0.002726,0.068852,-0.507042,0.049132,-0.012060,-0.001784
-0.002723,0.068850,-0.507042,0.049139,-0.012056,-0.001775
-0.002721,0.068851,-0.507042,0.049150,-0.012051,-0.001770
-0.002718,0.068849,-0.507042,0.049157,-0.012047,-0.001761
-0.002716,0.068850,-0.507042,0.049168,-0.012043,-0.001756
-0.002713,0.068848,-0.507042,0.049175,-0.012039,-0.001747
-0.002711,0.068848,-0.507042,0.049186,-0.012034,-0.001742
-0.002708,0.068847,-0.507042,0.049193,-0.012030,-0.001733
-0.002705,0.068847,-0.507042,0.049204,-0.012025,-0.001728
-0.002703,0.068845,-0.507042,0.049211,-0.012022,-0.001719
-0.002700,0.068846,-0.507042,0.049222,-0.012017,-0.001714
-0.002698,0.068844,-0.507042,0.049228,-0.012013,-0.001706
-0.002695,0.068845,-0.507042,0.049239,-0.012008,-0.001701
-0.002693,0.068843,-0.507041,0.049246,-0.012005,-0.001692
-0.002690,0.068844,-0.507042,0.049257,-0.012000,-0.001687
-0.002688,0.068842,-0.507041,0.049263,-0.011996,-0.001678
-0.002685,0.068843,-0.507042,0.049274,-0.011991,-0.001674
-0.002683,0.068841,-0.507041,0.049280,-0.011988,-0.001665
-0.002680,0.068841,-0.507042,0.049291,-0.011983,-0.001660
-0.002678,0.068840,-0.507041,0.049298,-0.011979,-0.001652
-0.002675,0.068840,-0.507042,0.049308,-0.011975,-0.001647
-0.002673,0.068838,-0.507041,0.049315,-0.011971,-0.001638
-0.002671,0.068839,-0.507042,0.049325,-0.011966,-0.001633
-0.002668,0.068837,-0.507041,0.049332,-0.011963,-0.001625
-0.002666,0.068838,-0.507041,0.049342,-0.011958,-0.001620
-0.002663,0.068836,-0.507041,0.049349,-0.011954,-0.001612
-0.002661,0.068837,-0.507041,0.049359,-0.011950,-0.001607
-0.002658,0.068835,-0.507041,0.049365,-0.011946,-0.001599
-0.002656,0.068836,-0.507041,0.049376,-0.011942,-0.001594
-0.002653,0.068834,-0.507041,0.049382,-0.011938,-0.001586
-0.002651,0.068835,-0.507041,0.049392,-0.011934,-0.001581
-0.002648,0.068833,-0.507041,0.049399,-0.011930,-0.001573
-0.002646,0.068834,-0.507041,0.049409,-0.011925,-0.001568
-0.002644,0.068832,-0.507041,0.049415,-0.011922,-0.001560
-0.002642,0.068832,-0.507041,0.049426,-0.011917,-0.001555
-0.002639,0.068831,-0.507041,0.049432,-0.011914,-0.001547
-0.002637,0.068831,-0.507041,0.049442,-0.011909,-0.001543
-0.002634,0.068830,-0.507041,0.049448,-0.011906,-0.001535
-0.002632,0.068830,-0.507041,0.049458,-0.011901,-0.001530
-0.002629,0.068828,-0.507041,0.049464,-0.011898,-0.001522
-0.002627,0.068829,-0.507041,0.049474,-0.011893,-0.001517
-0.002625,0.068827,-0.507041,0.049480,-0.011890,-0.001509
-0.002623,0.068828,-0.507041,0.049491,-0.011885,-0.001505
-0.002620,0.068826,-0.507041,0.049496,-0.011882,-0.001497
-0.002618,0.068827,-0.507041,0.049507,-0.011877,-0.001492
-0.002615,0.068825,-0.507041,0.049512,-0.011874,-0.001484
-0.002613,0.068826,-0.507041,0.049523,-0.011870,-0.001480
-0.002611,0.068824,-0.507041,0.049528,-0.011866,-0.001472
-0.002609,0.068825,-0.507041,0.049538,-0.011862,-0.001468
-0.002606,0.068823,-0.507041,0.049544,-0.011858,-0.001460
-0.002604,0.068824,-0.507041,0.049554,-0.011854,-0.001455
-0.002602,0.068822,-0.507041,0.049560,-0.011850,-0.001448
-0.002600,0.068823,-0.507041,0.049570,-0.011846,-0.001443
-0.002597,0.068821,-0.507041,0.049576,-0.011843,-0.001435
-0.002595,0.068822,-0.507041,0.049586,-0.011838,-0.001431
-0.002593,0.068820,-0.507041,0.049591,-0.011835,-0.001423
-0.002591,0.068821,-0.507041,0.049601,-0.011831,-0.001419
-0.002588,0.068819,-0.507041,0.049607,-0.011827,-0.001411
-0.002586,0.068820,-0.507041,0.049617,-0.011823,-0.001407
-0.002584,0.068818,-0.507041,0.049622,-0.011819,-0.001399
-0.002582,0.068819,-0.507041,0.049632,-0.011815,-0.001395
-0.002579,0.068817,-0.507041,0.049638,-0.011812,-0.001388
-0.002577,0.068817,-0.507041,0.049648,-0.011808,-0.001383
-0.002575,0.068816,-0.507041,0.049653,-0.011804,-0.001376
-0.002573,0.068816,-0.507041,0.049663,-0.011800,-0.001371
-0.002570,0.068815,-0.507041,0.049668,-0.011797,-0.001364
-0.002568,0.068815,-0.507041,0.049678,-0.011793,-0.001360
-0.002566,0.068814,-0.507041,0.049683,-0.011789,-0.001352
-0.002564,0.068814,-0.507041,0.049693,-0.011785,-0.001348
-0.002561,0.068813,-0.507041,0.049699,-0.011782,-0.001341
-0.002559,0.068813,-0.507041,0.049708,-0.011778,-0.001336
-0.002557,0.068812,-0.507040,0.049714,-0.011774,-0.001329
-0.002555,0.068812,-0.507041,0.049723,-0.011770,-0.001325
-0.002553,0.068811,-0.507040,0.049728,-0.011767,-0.001318
-0.002551,0.068811,-0.507041,0.049738,-0.011763,-0.001313
-0.002548,0.068810,-0.507040,0.049743,-0.011759,-0.001306
-0.002546,0.068810,-0.507041,0.049753,-0.011755,-0.001302
-0.002544,0.068809,-0.507040,0.049758,-0.011752,-0.001295
-0.002542,0.068809,-0.507041,0.049768,-0.011748,-0.001291
-0.002540,0.068808,-0.507040,0.049773,-0.011745,-0.001284
-0.002538,0.068809,-0.507040,0.049782,-0.011741,-0.001280
-0.002535,0.068807,-0.507040,0.049787,-0.011737,-0.001273
-0.002533,0.068808,-0.507040,0.049797,-0.011734,-0.001268
-0.002531,0.068806,-0.507040,0.049802,-0.011730,-0.001261
-0.002529,0.068807,-0.507040,0.049811,-0.011726,-0.001257
-0.002527,0.068805,-0.507040,0.049816,-0.011723,-0.001250
-0.002525,0.068806,-0.507040,0.049826,-0.011719,-0.001246
-0.002523,0.068804,-0.507040,0.049831,-0.011716,-0.001239
-0.002521,0.068805,-0.507040,0.049840,-0.011712,-0.001235
-0.002518,0.068803,-0.507040,0.049845,-0.011709,-0.001228
-0.002517,0.068804,-0.507040,0.049854,-0.011705,-0.001224
-0.002514,0.068802,-0.507040,0.049859,-0.011701,-0.001218
-0.002512,0.068803,-0.507040,0.049869,-0.011698,-0.001213
-0.002510,0.068801,-0.507040,0.049874,-0.011694,-0.001207
-0.002508,0.068802,-0.507040,0.049883,-0.011691,-0.001203
-0.002506,0.068800,-0.507040,0.049888,-0.011687,-0.001196
-0.002504,0.068801,-0.507040,0.049897,-0.011683,-0.001192
-0.002502,0.068799,-0.507040,0.049902,-0.011680,-0.001185
-0.002500,0.068800,-0.507040,0.049911,-0.011676,-0.001181
-0.002498,0.068798,-0.507040,0.049916,-0.011673,-0.001175
-0.002496,0.068799,-0.507040,0.049925,-0.011669,-0.001171
-0.002494,0.068798,-0.507040,0.049930,-0.011666,-0.001164
-0.002492,0.068798,-0.507040,0.049939,-0.011662,-0.001160
-0.002490,0.068797,-0.507040,0.049944,-0.011659,-0.001154
-0.002488,0.068797,-0.507040,0.049952,-0.011656,-0.001150
-0.002486,0.068796,-0.507040,0.049957,-0.011652,-0.001143
-0.002484,0.068796,-0.507040,0.049966,-0.011649,-0.001139
-0.002481,0.068795,-0.507040,0.049971,-0.011645,-0.001133
-0.002480,0.068795,-0.507040,0.049980,-0.011642,-0.001129
-0.002477,0.068794,-0.507040,0.049985,-0.011638,-0.001123
-0.002476,0.068795,-0.507040,0.049993,-0.011635,-0.001119
-0.002473,0.068793,-0.507040,0.049998,-0.011632,-0.001112
-0.002472,0.068794,-0.507040,0.050007,-0.011628,-0.001108
-0.002469,0.068792,-0.507040,0.050012,-0.011625,-0.001102
-0.002468,0.068793,-0.507040,0.050020,-0.011621,-0.001098
-0.002465,0.068791,-0.507040,0.050025,-0.011618,-0.001092
-0.002464,0.068792,-0.507040,0.050034,-0.011614,-0.001088
-0.002462,0.068790,-0.507040,0.050038,-0.011611,-0.001082
-0.002460,0.068791,-0.507040,0.050047,-0.011608,-0.001078
-0.002458,0.068790,-0.507040,0.050052,-0.011605,-0.001072
-0.002456,0.068790,-0.507040,0.050060,-0.011601,-0.001068
-0.002454,0.068789,-0.507040,0.050065,-0.011598,-0.001062
-0.002452,0.068789,-0.507040,0.050074,-0.011594,-0.001058
-0.002450,0.068788,-0.507040,0.050078,-0.011591,-0.001052
-0.002448,0.068788,-0.507040,0.050087,-0.011588,-0.001048
-0.002446,0.068787,-0.507040,0.050091,-0.011585,-0.001042
-0.002444,0.068788,-0.507040,0.050100,-0.011581,-0.001039
-0.002442,0.068786,-0.507040,0.050104,-0.011578,-0.001033
-0.002440,0.068787,-0.507040,0.050113,-0.011574,-0.001029
-0.002438,0.068785,-0.507039,0.050117,-0.011571,-0.001023
-0.002436,0.068786,-0.507040,0.050126,-0.011568,-0.001019
-0.002434,0.068785,-0.507039,0.050130,-0.011565,-0.001013
-0.002433,0.068785,-0.507040,0.050138,-0.011561,-0.001010
-0.002430,0.068784,-0.507039,0.050143,-0.011558,-0.001004
-0.002429,0.068784,-0.507040,0.050151,-0.011555,-0.001000
-0.002427,0.068783,-0.507039,0.050156,-0.011552,-0.000994
-0.002425,0.068783,-0.507040,0.050164,-0.011548,-0.000991
-0.002423,0.068782,-0.507039,0.050168,-0.011545,-0.000985
-0.002421,0.068783,-0.507039,0.050177,-0.011542,-0.000981
-0.002419,0.068781,-0.507039,0.050181,-0.011539,-0.000975
-0.002417,0.068782,-0.507039,0.050189,-0.011535,-0.000972
-0.002415,0.068780,-0.507039,0.050193,-0.011532,-0.000966
-0.002414,0.068781,-0.507039,0.050202,-0.011529,-0.000962
-0.002412,0.068780,-0.507039,0.050206,-0.011526,-0.000957
-0.002410,0.068780,-0.507039,0.050214,-0.011523,-0.000953
-0.002408,0.068779,-0.507039,0.050218,-0.011520,-0.000947
-0.002406,0.068779,-0.507039,0.050227,-0.011516,-0.000944
-0.002404,0.068778,-0.507039,0.050231,-0.011513,-0.000938
-0.002402,0.068779,-0.507039,0.050239,-0.011510,-0.000935
-0.002400,0.068777,-0.507039,0.050243,-0.011507,-0.000929
-0.002399,0.068778,-0.507039,0.050251,-0.011504,-0.000926
-0.002397,0.068776,-0.507039,0.050255,-0.011501,-0.000920
-0.002395,0.068777,-0.507039,0.050263,-0.011497,-0.000917
-0.002393,0.068776,-0.507039,0.050267,-0.011494,-0.000911
-0.002391,0.068776,-0.507039,0.050276,-0.011491,-0.000908
-0.002389,0.068775,-0.507039,0.050280,-0.011488,-0.000902
-0.002388,0.068775,-0.507039,0.050288,-0.011485,-0.000899
-0.002386,0.068774,-0.507039,0.050292,-0.011482,-0.000893
-0.002384,0.068775,-0.507039,0.050300,-0.011479,-0.000890
-0.002382,0.068773,-0.507039,0.050304,-0.011476,-0.000884
-0.002381,0.068774,-0.507039,0.050312,-0.011472,-0.000881
-0.002379,0.068773,-0.507039,0.050316,-0.011469,-0.000876
-0.002377,0.068773,-0.507039,0.050324,-0.011466,-0.000872
-0.002375,0.068772,-0.507039,0.050328,-0.011463,-0.000867
-0.002373,0.068772,-0.507039,0.050335,-0.011460,-0.000864
-0.002371,0.068771,-0.507039,0.050339,-0.011457,-0.000858
-0.002370,0.068772,-0.507039,0.050347,-0.011454,-0.000855
-0.002368,0.068770,-0.507039,0.050351,-0.011451,-0.000850
-0.002366,0.068771,-0.507039,0.050359,-0.011448,-0.000846
-0.002364,0.068770,-0.507039,0.050363,-0.011445,-0.000841
-0.002363,0.068770,-0.507039,0.050371,-0.011442,-0.000838
-0.002361,0.068769,-0.507039,0.050375,-0.011439,-0.000832
-0.002359,0.068769,-0.507039,0.050382,-0.011436,-0.000829
-0.002357,0.068768,-0.507039,0.050386,-0.011433,-0.000824
-0.002356,0.068769,-0.507039,0.050394,-0.011430,-0.000821
-0.002354,0.068767,-0.507039,0.050398,-0.011427,-0.000815
-0.002352,0.068768,-0.507039,0.050405,-0.011424,-0.000812
-0.002350,0.068767,-0.507039,0.050409,-0.011421,-0.000807
-0.002349,0.068767,-0.507039,0.050417,-0.011418,-0.000804
-0.002347,0.068766,-0.507039,0.050421,-0.011415,-0.000799
-0.002345,0.068766,-0.507039,0.050428,-0.011412,-0.000795
-0.002343,0.068765,-0.507039,0.050432,-0.011409,-0.000790
-0.002342,0.068766,-0.507039,0.050440,-0.011406,-0.000787
-0.002340,0.068764,-0.507039,0.050443,-0.011403,-0.000782
-0.002338,0.068765,-0.507039,0.050451,-0.011400,-0.000779
-0.002336,0.068764,-0.507039,0.050455,-0.011397,-0.000774
-0.002335,0.068764,-0.507039,0.050462,-0.011394,-0.000771
-0.002333,0.068763,-0.507039,0.050466,-0.011391,-0.000766
-0.002331,0.068764,-0.507039,0.050473,-0.011389,-0.000762
-0.002330,0.068762,-0.507039,0.050477,-0.011386,-0.000757
-0.002328,0.068763,-0.507039,0.050485,-0.011383,-0.000754
-0.002326,0.068762,-0.507039,0.050488,-0.011380,-0.000749
-0.002325,0.068762,-0.507039,0.050496,-0.011377,-0.000746
-0.002323,0.068761,-0.507039,0.050499,-0.011374,-0.000741
-0.002321,0.068761,-0.507039,0.050507,-0.011371,-0.000738
-0.002320,0.068760,-0.507038,0.050510,-0.011368,-0.000733
-0.002318,0.068761,-0.507039,0.050518,-0.011365,-0.000730
-0.002316,0.068760,-0.507038,0.050521,-0.011363,-0.000725
-0.002315,0.068760,-0.507039,0.050529,-0.011360,-0.000722
-0.002313,0.068759,-0.507038,0.050532,-0.011357,-0.000717
-0.002311,0.068759,-0.507039,0.050540,-0.011354,-0.000714
-0.002310,0.068758,-0.507038,0.050543,-0.011351,-0.000709
-0.002308,0.068759,-0.507038,0.050551,-0.011348,-0.000706
-0.002306,0.068757,-0.507038,0.050554,-0.011345,-0.000701
-0.002305,0.068758,-0.507038,0.050562,-0.011343,-0.000698
-0.002303,0.068757,-0.507038,0.050565,-0.011340,-0.000694
-0.002301,0.068757,-0.507038,0.050572,-0.011337,-0.000691
-0.002300,0.068756,-0.507038,0.050576,-0.011334,-0.000686
-0.002298,0.068757,-0.507038,0.050583,-0.011331,-0.000683
-0.002296,0.068755,-0.507038,0.050586,-0.011329,-0.000678
-0.002295,0.068756,-0.507038,0.050594,-0.011326,-0.000675
-0.002293,0.068755,-0.507038,0.050597,-0.011323,-0.000670
-0.002292,0.068755,-0.507038,0.050604,-0.011320,-0.000667
-0.002290,0.068754,-0.507038,0.050608,-0.011317,-0.000663
-0.002288,0.068755,-0.507038,0.050615,-0.011315,-0.000660
-0.002287,0.068753,-0.507038,0.050618,-0.011312,-0.000655
-0.002285,0.068754,-0.507038,0.050626,-0.011309,-0.000652
-0.002283,0.068753,-0.507038,0.050629,-0.011306,-0.000647
-0.002282,0.068753,-0.507038,0.050636,-0.011304,-0.000644
-0.002280,0.068752,-0.507038,0.050639,-0.011301,-0.000640
-0.002279,0.068753,-0.507038,0.050647,-0.011298,-0.000637
-0.002277,0.068751,-0.507038,0.050650,-0.011295,-0.000632
-0.002275,0.068752,-0.507038,0.050657,-0.011293,-0.000629
-0.002274,0.068751,-0.507038,0.050660,-0.011290,-0.000625
-0.002272,0.068751,-0.507038,0.050667,-0.011287,-0.000622
-0.002271,0.068750,-0.507038,0.050671,-0.011284,-0.000617
-0.002269,0.068751,-0.507038,0.050678,-0.011282,-0.000614
-0.002267,0.068749,-0.507038,0.050681,-0.011279,-0.000610
-0.002266,0.068750,-0.507038,0.050688,-0.011276,-0.000607
-0.002264,0.068749,-0.507038,0.050691,-0.011274,-0.000602
-0.002263,0.068749,-0.507038,0.050698,-0.011271,-0.000600
-0.002261,0.068748,-0.507038,0.050702,-0.011268,-0.000595
-0.002260,0.068749,-0.507038,0.050709,-0.011266,-0.000592
-0.002258,0.068748,-0.507038,0.050712,-0.011263,-0.000588
-0.002257,0.068748,-0.507038,0.050719,-0.011260,-0.000585
-0.002255,0.068747,-0.507038,0.050722,-0.011258,-0.000580
-0.002253,0.068747,-0.507038,0.050729,-0.011255,-0.000578
-0.002252,0.068746,-0.507038,0.050732,-0.011252,-0.000573
-0.002250,0.068747,-0.507038,0.050739,-0.011250,-0.000570
-0.002249,0.068746,-0.507038,0.050742,-0.011247,-0.000566
-0.002247,0.068746,-0.507038,0.050749,-0.011244,-0.000563
-0.002246,0.068745,-0.507038,0.050752,-0.011242,-0.000559
-0.002244,0.068745,-0.507038,0.050759,-0.011239,-0.000556
-0.002243,0.068744,-0.507038,0.050762,-0.011237,-0.000552
-0.002241,0.068745,-0.507038,0.050769,-0.011234,-0.000549
-0.002240,0.068744,-0.507038,0.050772,-0.011231,-0.000545
-0.002238,0.068744,-0.507038,0.050779,-0.011229,-0.000542
-0.002237,0.068743,-0.507038,0.050782,-0.011226,-0.000538
-0.002235,0.068744,-0.507038,0.050789,-0.011224,-0.000535
-0.002234,0.068743,-0.507038,0.050792,-0.011221,-0.000531
-0.002232,0.068743,-0.507038,0.050798,-0.011218,-0.000528
-0.002231,0.068742,-0.507038,0.050801,-0.011216,-0.000524
-0.002229,0.068742,-0.507038,0.050808,-0.011213,-0.000521
-0.002228,0.068741,-0.507038,0.050811,-0.011211,-0.000517
-0.002226,0.068742,-0.507038,0.050818,-0.011208,-0.000514
-0.002225,0.068741,-0.507038,0.050821,-0.011205,-0.000510
-0.002223,0.068741,-0.507038,0.050828,-0.011203,-0.000507
-0.002222,0.068740,-0.507038,0.050830,-0.011200,-0.000503
-0.002220,0.068741,-0.507038,0.050837,-0.011198,-0.000500
-0.002219,0.068739,-0.507038,0.050840,-0.011195,-0.000496
-0.002217,0.068740,-0.507038,0.050847,-0.011193,-0.000493
-0.002216,0.068739,-0.507038,0.050850,-0.011190,-0.000489
-0.002214,0.068739,-0.507038,0.050856,-0.011188,-0.000486
-0.002213,0.068738,-0.507038,0.050859,-0.011185,-0.000482
-0.002211,0.068739,-0.507038,0.050866,-0.011183,-0.000480
-0.002210,0.068738,-0.507038,0.050869,-0.011180,-0.000475
-0.002208,0.068738,-0.507038,0.050875,-0.011178,-0.000473
-0.002207,0.068737,-0.507038,0.050878,-0.011175,-0.000469
-0.002205,0.068738,-0.507038,0.050885,-0.011173,-0.000466
-0.002204,0.068737,-0.507037,0.050888,-0.011170,-0.000462
-0.002203,0.068737,-0.507038,0.050894,-0.011168,-0.000459
-0.002201,0.068736,-0.507037,0.050897,-0.011165,-0.000455
-0.002200,0.068736,-0.507038,0.050904,-0.011163,-0.000453
-0.002198,0.068735,-0.507037,0.050906,-0.011160,-0.000448
-0.002197,0.068736,-0.507038,0.050913,-0.011158,-0.000446
-0.002195,0.068735,-0.507037,0.050916,-0.011155,-0.000442
-0.002194,0.068735,-0.507037,0.050923,-0.011153,-0.000439
-0.002193,0.068734,-0.507037,0.050925,-0.011150,-0.000435
-0.002191,0.068735,-0.507037,0.050932,-0.011148,-0.000432
-0.002190,0.068734,-0.507037,0.050934,-0.011145,-0.000428
-0.002188,0.068734,-0.507037,0.050941,-0.011143,-0.000426
-0.002187,0.068733,-0.507037,0.050944,-0.011141,-0.000422
-0.002185,0.068733,-0.507037,0.050950,-0.011138,-0.000419
-0.002184,0.068732,-0.507037,0.050953,-0.011136,-0.000415
-0.002183,0.068733,-0.507037,0.050960,-0.011134,-0.000413
-0.002181,0.068732,-0.507037,0.050962,-0.011131,-0.000409
-0.002180,0.068732,-0.507037,0.050969,-0.011129,-0.000406
-0.002178,0.068731,-0.507037,0.050971,-0.011126,-0.000402
-0.002177,0.068732,-0.507037,0.050978,-0.011124,-0.000399
-0.002176,0.068731,-0.507037,0.050981,-0.011121,-0.000395
-0.002174,0.068731,-0.507037,0.050987,-0.011119,-0.000393
-0.002173,0.068730,-0.507037,0.050990,-0.011116,-0.000389
-0.002171,0.068731,-0.507037,0.050996,-0.011114,-0.000386
-0.002170,0.068730,-0.507037,0.050999,-0.011112,-0.000382
-0.002169,0.068730,-0.507037,0.051005,-0.011110,-0.000380
-0.002167,0.068729,-0.507037,0.051008,-0.011107,-0.000376
-0.002166,0.068729,-0.507037,0.051015,-0.011105,-0.000373
-0.002164,0.068728,-0.507037,0.051017,-0.011102,-0.000369
-0.002163,0.068729,-0.507037,0.051024,-0.011100,-0.000367
-0.002162,0.068728,-0.507037,0.051026,-0.011098,-0.000363
-0.002160,0.068728,-0.507037,0.051033,-0.011095,-0.000360
-0.002159,0.068727,-0.507037,0.051035,-0.011093,-0.000356
-0.002158,0.068728,-0.507037,0.051042,-0.011091,-0.000354
-0.002156,0.068727,-0.507037,0.051044,-0.011088,-0.000350
-0.002155,0.068727,-0.507037,0.051051,-0.011086